C_MAK 10
1.0 1.5 2.0 3.0 3.0 3.0 3 3 3 3
 
C_HER 10
1.5 4.0 12 15 15 17 17 17 17 17
 
C_WHK 10
1 5 15 25 45 45 45 45 50 50
 
C_BLF 10
30 60 105 180 250 250 815 815 815 815
 
C_WPF 10
1 1.8 5 10.5 25.5 25.5 25.5 25.5 25.5 28
 
C_SUF 10
1 1.8 5 10.5 25.5 25.5 25.5 25.5 25.5 28
 
C_WIF 10
1 1.8 5 10.5 25.5 25.5 25.5 25.5 25.5 28
 
C_WTF 10
1 1.8 5 10.5 25.5 25.5 25.5 25.5 25.5 28
 
C_HAL	10								
2.8398	20.7520	56.8112	106.5313	163.7679	223.1714	280.8845	334.4936	382.7267	425.1199

C_PLA 10
1 1.8 5 10.5 25.5 25.5 25.5 25.5 25.5 28
 
C_FOU 10
1 1.8 5 10.5 25.5 25.5 25.5 25.5 25.5 28
 
C_FLA 10
1 1.8 5 10.5 25.5 25.5 25.5 25.5 25.5 28
 
C_BFT	10								
700.4922	1277.4340	1067.1160	1390.2866	1607.0593	1744.0463	1827.8631	1878.2276	1908.1798	1925.8866

C_TUN 10
380 17000 28500 43000 44000 44000 44000 44000 44000 44000
 
									
C_BIL	10								
802.3201	1432.7837	1120.2232	1409.5811	1596.6775	1711.5113	1780.0473	1820.3222	1843.7837	1857.3832

C_MPF 10
0.1 0.1 0.1 0.1 0.1 0.1 0.1 0.1 0.1 0.1
 
C_BUT 10
5.3 10.6 16.6 25.7 25.7 25.8 25.8 25.8 25.8 25.8
 
C_ANC 10
5.3 10.6 16.6 25.7 25.7 25.8 25.8 25.8 25.8 25.8
 
C_BPF 10
5.3 10.6 16.6 25.7 25.7 25.8 25.8 25.8 25.8 25.8
 
C_GOO 10
600 800 900 1600 1800 1900 2100 2200 2200 2200
 
C_MEN 10
2.5 7.5 12 20.8 28.8 28.8 30.8 30.8 35 35
 
C_FDE 10
2.5 7.5 12 20.8 28.8 28.8 30.8 30.8 35 35
 
C_COD 10
50 250 850 1500 1800 2100 2100 2500 2600 2600
 
C_SHK 10
5 130 160 150 150 180 125 128 130 130
 
C_OHK 10
1 5 15 25 45 45 45 45 50 50
 
C_POL 10
1 5 15 25 45 45 45 45 50 50
 
C_RHK 10
1 5 15 25 45 45 45 45 50 50
 
C_BSB 10
1 5 15 25 45 45 45 45 50 50
 
C_SCU 10
1 5 15 25 45 45 45 45 50 50
 
C_TYL 10
1 5 15 25 45 45 45 45 50 50
 
C_RED 10
1 5 15 25 45 45 45 45 50 50
 
C_OPT 10
1 5 15 25 45 45 45 45 50 50
 
C_SAL 10
1 5 15 25 45 45 45 45 50 50
 
C_DRM 10
1 5 15 25 45 45 45 45 50 50
 
C_STB 10
1 5 15 25 45 45 45 45 50 50
 
C_TAU 10
1 5 15 25 45 45 45 45 50 50
 
C_WOL 10
1 5 15 25 45 45 45 45 50 50
 
C_SDF 10
1 5 15 25 45 45 45 45 50 50
 
C_FDF 10
1 5 15 25 45 45 45 45 50 50
 
C_HAD 10
1 5 15 25 45 45 45 45 50 50
 
C_YTF 10
2.5 7.5 15 17.8 18.8 19.8 20.8 21.8 22 22
 
C_DOG	10								
55.7213	120.0997	144.5864	152.0333	154.1725	154.7775	154.9479	154.9958	155.0093	155.0131
									
C_SMO	10								
106.3024	262.2304	389.0336	472.0663	521.5135	549.6297	565.2429	573.8058	578.4711	581.0039
									
C_SSH	10								
532.1587	1184.0410	1654.9172	1932.8276	2083.4236	2161.8668	2201.9548	2222.2502	2232.4775	2237.6193
									
C_DSH	10								
1855.4222	2020.9072	2026.8192	2027.0243	2027.0314	2027.0317	2027.0317	2027.0317	2027.0317	2027.0317
									
C_BLS	10								
2156.3098	2189.2742	2189.4887	2189.4901	2189.4901	2189.4901	2189.4901	2189.4901	2189.4901	2189.4901
									
C_POR	10								
2529.5377	2835.9724	2848.3525	2848.8342	2848.8529	2848.8536	2848.8536	2848.8536	2848.8536	2848.8536
									
C_PSH	10								
7798.9376	83.4498	83.5898	83.5933	83.5934	83.5934	83.5934	83.5934	83.5934	83.5934

C_WSK 10
900 1080 1020 1040 1060 1070 1075 1080 2110 4210
 
C_LSK 10
900 1080 1020 1040 1060 1070 1075 1080 2110 4210
 
C_SK 10
900 1080 1020 1040 1060 1070 1075 1080 2110 4210
 
C_SB	10								
4.4102	3.9712	2.0461	2.0525	2.0532	2.0533	2.0533	2.0533	2.0533	2.0533
									
C_PIN	10								
3849.4326	4431.9031	4462.3185	4463.8364	4463.9119	4463.9157	4463.9159	4463.9159	4463.9159	4463.9159
									
C_REP	10								
4613.5184
 
C_RWH	10								
1626631.4968	16266.9497	16266.9497	16266.9497	16266.9497	16266.9497	16266.9497	16266.9497	16266.9497	16266.9497
									
C_BWH	10								
0.5000	1330370.1067	1330370.1067	1330370.1067	1330370.1067	1330370.1067	1330370.1067	1330370.1067	1330370.1067	1330370.1067
									
C_SWH	10								
7217.0117	7236.7729	7236.7909	7236.7909	7236.7909	7236.7909	7236.7909	7236.7909	7236.7909	7236.7909

 
C_TWH	10								
53618.8336	53765.6495	53765.7835	53765.7836	53765.7836	53765.7836	53765.7836	53765.7836	53765.7836	53765.7836
 
C_INV 10
1 5 15 25 45 45 45 45 50 50 