##     MAK HER WHK BLF WPF SUF WIF WTF FOU HAL PLA FLA BFT TUN BIL MPF BUT BPF ANC GOO MEN FDE COD SHK OHK POL RHK BSB SCU TYL RED OPT SAL DRM STB TAU WOL SDF FDF HAD YTF DOG SMO SSH DSH BLS POR PSH WSK LSK SK SB PIN REP RWH BWH SWH TWH INV LSQ ISQ SCA QHG CLA BFF BG LOB RCB BMS NSH OSH ZL BD MA MB SG BC ZG PL DF PS ZM ZS PB BB BO DL DR DC DLsed DRsed DCsed
pPREY1MAK1  92
0 0.01 0 0 0 0 0 0 0 0 0 0 0 0 0 0.2 0.1 0.2 0.05 0 0.1 0.1 0 0 0 0 0 0 0 0 0 0 0 0 0 0 0 0 0 0 0 0 0 0 0 0 0 0 0 0 0 0 0 0 0 0 0 0 0 0 0 0 0 0 0 0 0 0 0 0.06 0.03 0.1 0 0 0 0 0 0.1 0 0 0 0.2 0 0 0 0 0 0 0 0 0 0
pPREY2MAK1  92
0 0 0 0 0 0 0 0 0 0 0 0 0 0 0 0.2 0.1 0.2 0.05 0 0 0 0 0 0 0 0 0 0 0 0 0 0 0 0 0 0 0 0 0 0 0 0 0 0 0 0 0 0 0 0 0 0 0 0 0 0 0 0 0 0 0 0 0 0 0 0 0 0 0.06 0.03 0.1 0 0 0 0 0 0.1 0 0 0 0.2 0 0 0 0 0 0 0 0 0 0
pPREY1MAK2  92
0 0 0 0 0 0 0 0 0 0 0 0 0 0 0 0.2 0.1 0.2 0.05 0 0.1 0.1 0 0 0 0 0 0 0 0 0 0 0 0 0 0 0 0 0 0 0 0 0 0 0 0 0 0 0 0 0 0 0 0 0 0 0 0 0 0 0 0 0 0 0 0 0 0 0 0.06 0.03 0.1 0 0 0 0 0 0.1 0 0 0 0.1 0 0 0 0 0 0 0 0 0 0
pPREY2MAK2  92
0 0 0 0 0 0 0 0 0 0 0 0 0 0 0 0.2 0.1 0.2 0.05 0 0 0 0 0 0 0 0 0 0 0 0 0 0 0 0 0 0 0 0 0 0 0 0 0 0 0 0 0 0 0 0 0 0 0 0 0 0 0 0 0 0 0 0 0 0 0 0 0 0 0.06 0.03 0.1 0 0 0 0 0 0.1 0 0 0 0.1 0 0 0 0 0 0 0 0 0 0
pPREY1HER1  92
0 0 0 0 0 0 0 0 0 0 0 0 0 0 0 0 0 0 0 0 0 0 0 0 0 0 0 0 0 0 0 0 0 0 0 0 0 0 0 0 0 0 0 0 0 0 0 0 0 0 0 0 0 0 0 0 0 0 0 0 0 0 1e-04 1e-04 0 0 0 0 0 0.075 0.075 0.15 0 0 0 0 0 0 0.05 0 0 0.2 0.1 0 0 0 0.05 0 0 0.05 0 0
pPREY2HER1  92
0 0 0 0 0 0 0 0 0 0 0 0 0 0 0 0 0 0 0 0 0 0 0 0 0 0 0 0 0 0 0 0 0 0 0 0 0 0 0 0 0 0 0 0 0 0 0 0 0 0 0 0 0 0 0 0 0 0 0 0 0 0 0 0 0 0 0 0 0 0 0 0.15 0 0 0 0 0 0 0.05 0 0 0.2 0.1 0 0 0 0.05 0 0 0.05 0 0
pPREY1HER2  92
0 0 0 0 0 0 0 0 0 0 0 0 0 0 0 0 0 0 0 0 0 0 0 0 0 0 0 0 0 0 0 0 0 0 0 0 0 0 0 0 0 0 0 0 0 0 0 0 0 0 0 0 0 0 0 0 0 0 0 0 0 0 1e-04 1e-04 0 0 0 0 0 0.075 0.075 0.1 0 0 0 0 0 0 0 0 0 0.2 0.1 0 0 0 0.05 0 0 0.05 0 0
pPREY2HER2  92
0 0 0 0 0 0 0 0 0 0 0 0 0 0 0 0 0 0 0 0 0 0 0 0 0 0 0 0 0 0 0 0 0 0 0 0 0 0 0 0 0 0 0 0 0 0 0 0 0 0 0 0 0 0 0 0 0 0 0 0 0 0 0 0 0 0 0 0 0 0 0 0.15 0 0 0 0 0 0 0 0 0 0.2 0.1 0 0 0 0.05 0 0 0.05 0 0
pPREY1WHK1  92
0.09 0.1 0 0 0 0 0 0 0 0 0 0.21 0 0 0 0.1 0.09 0.1 0.1 0 0.09 0.09 0 0 0 0 0 0 0 0 0 0 0 0 0 0 0 0.15 0.15 0.05 0.13 0 0 0 0 0 0 0 0 0 0 0 0 0 0 0 0 0 0.1 0.005 0.045 0 0 0 0.1 0.08 0.08 0.0493747 0.09 0.06 0.06 0.03 0.03 0 0 0 0 0.03 0 0 0 0 0 0 0 0 0 0 0 0 0 0
pPREY2WHK1  92
0 0.1 0 0 0 0 0 0 0 0 0 0 0 0 0 0.1 0.09 0.1 0.1 0 0.1 0.25 0 0 0 0 0 0 0 0 0 0 0 0 0 0 0 0.135 0.135 0 0 0 0 0 0 0 0 0 0 0 0 0 0 0 0 0 0 0 0 0.005 0.045 0 0 0 0.1052546 0.08 0.09 0.0493747 0.09 0.06 0.06 0.03 0.03 0 0 0 0 0.03 0 0 0 0 0 0 0 0 0 0 0 0 0 0
pPREY1WHK2  92
0.12 0.1 0 0 0 0 0 0 0 0 0 0.275 0 0 0 0.2 0.09 0.09 0.09 0 0.0975 0.0975 0 0 0 0 0 0 0 0 0 0 0 0 0 0 0 0.12 0.12 0.2 0.135 0 0 0 0 0 0 0 0 0 0 0 0 0 0 0 0 0 0.1 0.004 0.045 0 0 0 0.1 0.08 0.08 0.1 0.09 0.06 0.06 0.03 0.03 0 0 0 0 0.03 0 0 0 0 0 0 0 0 0 0 0 0 0 0
pPREY2WHK2  92
0 0.1 0 0 0 0 0 0 0 0 0 0 0 0 0 0.2 0.09 0.09 0.09 0 0.1 0.25 0 0 0 0 0 0 0 0 0 0 0 0 0 0 0 0.2 0.2 0 0 0 0 0 0 0 0 0 0 0 0 0 0 0 0 0 0 0 0 0.004 0.045 0 0 0 0.1052546 0.08 0.09 0.1 0.09 0.06 0.06 0.03 0.03 0 0 0 0 0.03 0 0 0 0 0 0 0 0 0 0 0 0 0 0
pPREY1BLF1  92
0.10125 0.09 0.1125 0.09 0.1 0.1 0.07875 0.1 0.1 0 0.1 0.135 0 0 0 0.1 0.3 0.12 0.12 0 0.1 0.09 0 0.1512988 0.05 0.1 0.2 0.2 0.2 0.2 0 0 0 0.05 0.1 0 0 0.05 0.05 0 0.05 0 0 0 0 0 0 0 0 0 0 0 0 0 0 0 0 0 0.15 0.05 0.03 0 0 0 0.03 0.075 0.02 0 0.052 0.15 0.15 0.1 0.0375 0 0 0 0 0.0375 0 0 0 0 0 0 0 0 0 0 0 0 0 0
pPREY2BLF1  92
0.10125 0.09 0.02 0.09 0.05 0.02 0.01 0.02 0.01 0 0.03 0.135 0 0 0 0.1 0.3 0.12 0.12 0 0.09 0.09 0 0.05 0.05 0 0.2 0 0.05 0.2 0 0 0 0 0 0 0 0 0 0 0 0 0 0 0 0 0 0 0 0 0 0 0 0 0 0 0 0 0.05 0.05 0.03 0 0 0 0.03 0.075 0.02 0 0.052 0.15 0.15 0.1 0.0375 0 0 0 0 0.0375 0 0 0 0 0 0 0 0 0 0 0 0 0 0
pPREY1BLF2  92
0.10125 0.09 0.1125 0.09 0.15 0.15 0.07875 0.1 0.1 0 0.1 0.135 0 0 0 0.15 0.3 0.09 0.09 0 0.15 0.09 0 0.1125 0.1 0.05 0.15 0.15 0.1 0.1 0.05 0 0 0.1 0.2 0 0 0.05 0.1 0 0.05 0 0 0 0 0 0 0 0 0 0 0 0 0 0 0 0 0 0.15 0.05 0.03 0 0 0 0.03 0.075 0.02 0 0.07 0.15 0.15 0.1 0.0375 0 0 0 0 0.0375 0 0 0 0 0 0 0 0 0 0 0 0 0 0
pPREY2BLF2  92
0.10125 0.09 0.05 0.09 0.12 0.05 0.05 0.02 0.05 0 0.02 0.12 0 0 0 0.15 0.3 0.09 0.1 0 0.15 0.09 0 0.2425 0.1 0 0.15 0.15 0.1 0.1 0.01 0 0 0.05 0.05 0 0 0 0 0 0 0 0 0 0 0 0 0 0 0 0 0 0 0 0 0 0 0 0 0.05 0.03 0 0 0 0.03 0.075 0.02 0 0.07 0.15 0.15 0.1 0.0375 0 0 0 0 0.0375 0 0 0 0 0 0 0 0 0 0 0 0 0 0
pPREY1WPF1  92
0 0.12 0 0 0 0 0 0 0 0 0 0.09 0 0 0 0.2 0.1666667 0.05 0.05 0 0.05 0.05 0 0 0 0 0 0 0 0 0 0 0 0 0 0 0 0.2666667 0.1 0 0 0 0 0 0 0 0 0 0 0 0 0 0 0 0 0 0 0 0.09999999 0.01 0.01 0 0 0 0.03333333 0.1 0.05 0.1 0.1 0.03333333 0.03333333 0.03 0.1 0 0 0 0.05 0.1 0 0 0 0.1 0 0 0 0 0 0 0 0 0 0
pPREY2WPF1  92
0 0.12 0 0 0 0 0 0 0 0 0 0.09 0 0 0 0.2 0.1666667 0.05 0.05 0 0.05 0.05 0 0 0 0 0 0 0 0 0 0 0 0 0 0 0 0.09 0.09 0 0 0 0 0 0 0 0 0 0 0 0 0 0 0 0 0 0 0 0.09999999 0.01 0.01 0 0 0 0.03333333 0.06666667 0 0 0.1 0.03333333 0.03333333 0.03 0.1 0 0 0 0.05 0.1 0 0 0 0.1 0 0 0 0 0 0 0 0 0 0
pPREY1WPF2  92
0 0.12 0 0 0 0 0 0 0 0 0 0.05 0 0 0 0.09 0.1666667 0.12 0.12 0 0.135 0.135 0 0 0 0 0 0 0 0 0 0 0 0 0 0 0 0.2666667 0.1125 0 0 0 0 0 0 0 0 0 0 0 0 0 0 0 0 0 0 0 0.09999999 0.01 0.01 0 0 0 0.03333333 0.1 0.05 0.1 0.1 0.03333333 0.03333333 0.03 0.1 0 0 0 0.1 0.1 0 0 0 0 0 0 0 0 0 0 0 0 0 0
pPREY2WPF2  92
0 0.12 0 0 0 0 0 0 0 0 0 0.05 0 0 0 0.09 0.1666667 0.15 0.15 0 0.135 0.135 0 0 0 0 0 0 0 0 0 0 0 0 0 0 0 0.2666667 0.12 0 0 0 0 0 0 0 0 0 0 0 0 0 0 0 0 0 0 0 0.09999999 0.01 0.01 0 0 0 0.03333333 0.06666667 0 0 0.1 0.03333333 0.03333333 0.03 0.1 0 0 0 0.05 0.1 0 0 0 0 0 0 0 0 0 0 0 0 0 0
pPREY1SUF1  92
0 0.081 0.01 0 0 0 0 0 0 0 0 0.05 0 0 0 0.126 0.3 0.05 0.05 0 0.05 0.05 0 0 0 0 0 0 0 0 0 0 0 0 0 0 0 0 0.1 0 0.1 0 0 0 0 0 0 0 0 0 0 0 0 0 0 0 0 0 0 0.05 0.05 0 0 0 0.03 0.12 0 0.05 0.05 0.18 0.06 0.1 0.048 0 0 0 0.05 0 0 0 0 0.03 0 0 0 0 0 0 0 0 0 0
pPREY2SUF1  92
0 0.081 0 0 0 0 0 0 0 0 0 0 0 0 0 0.126 0.3 0.05 0.05 0 0.05 0.05 0 0 0 0 0 0 0 0 0 0 0 0 0 0 0 0 0.09 0 0 0 0 0 0 0 0 0 0 0 0 0 0 0 0 0 0 0 0 0.05 0.05 0 0 0 0.03 0.12 0 0.05 0.05 0.18 0.06 0.1 0.048 0 0 0 0.05 0 0 0 0 0.036 0 0 0 0 0 0 0 0 0 0
pPREY1SUF2  92
0 0.081 0 0 0 0 0 0 0 0 0 0.1 0 0 0 0.09 0.3 0.12 0.12 0 0.135 0.135 0 0 0 0 0 0 0.18 0 0 0 0 0.1125 0 0 0 0 0.1125 0 0.1 0 0 0 0 0 0 0 0 0 0 0 0 0 0 0 0 0 0 0.05 0.05 0 0 0 0.03 0.12 0 0.05 0.05 0.18 0.06 0.1 0.048 0 0 0 0.1 0 0 0 0 0 0 0 0 0 0 0 0 0 0 0
pPREY2SUF2  92
0 0.081 0 0 0 0 0 0 0 0 0 0.1 0 0 0 0.09 0.3 0.15 0.15 0 0.135 0.135 0 0 0 0 0 0 0.01 0 0 0 0 0 0 0 0 0 0.12 0 0.01 0 0 0 0 0 0 0 0 0 0 0 0 0 0 0 0 0 0 0.05 0.05 0 0 0 0.03 0.12 0 0.05 0.05 0.18 0.06 0.1 0.048 0 0 0 0.05 0 0 0 0 0 0 0 0 0 0 0 0 0 0 0
pPREY1WIF1  92
0.1275 0.12 0.01 0 0 0 0 0 0 0 0 0.1299239 0 0 0 0.2 0.3 0.05 0.05 0 0.05 0.05 0 0 0 0 0 0 0.1 0 0 0 0 0.1 0 0 0 0.1 0.1 0 0 0 0 0 0 0 0 0 0 0 0 0 0 0 0 0 0 0 0.1 0.05 0.05 0 0 0 0.01 0.03 0.05 0.1 0.1 0.18 0.18 0.03 0.054 0 0 0 0.05 0.036 0 0 0 0.1 0 0 0 0 0 0 0 0 0 0
pPREY2WIF1  92
0.1275 0.12 0 0 0 0 0 0 0 0 0 0.15 0 0 0 0.2 0.3 0.05 0.05 0 0.05 0.05 0 0 0 0 0 0 0 0 0 0 0 0 0 0 0 0.09 0.09 0 0 0 0 0 0 0 0 0 0 0 0 0 0 0 0 0 0 0 0 0.05 0.05 0 0 0 0.01 0.03 0 0.1 0.1 0.18 0.18 0.03 0.054 0 0 0 0.05 0.036 0 0 0 0.1 0 0 0 0 0 0 0 0 0 0
pPREY1WIF2  92
0.05 0.12 0 0 0 0 0 0 0 0 0 0.05 0 0 0 0.09 0.3 0.12 0.12 0 0.135 0.135 0 0 0 0 0 0 0.1125 0 0 0 0 0.1125 0 0 0 0.1125 0.1125 0 0 0 0 0 0 0 0 0 0 0 0 0 0 0 0 0 0 0 0.1 0.05 0.05 0 0 0 0.01 0.03 0.05 0.1 0.15 0.18 0.18 0.03 0.054 0 0 0 0.1 0.036 0 0 0 0 0 0 0 0 0 0 0 0 0 0
pPREY2WIF2  92
0.05 0.12 0 0 0 0 0 0 0 0 0 0.05 0 0 0 0.09 0.3 0.15 0.15 0 0.135 0.135 0 0 0 0 0 0 0 0 0 0 0 0 0 0 0 0.12 0.12 0 0 0 0 0 0 0 0 0 0 0 0 0 0 0 0 0 0 0 0 0.05 0.05 0 0 0 0.01 0.03 0 0 0.1 0.18 0.18 0.03 0.054 0 0 0 0.05 0.036 0 0 0 0 0 0 0 0 0 0 0 0 0 0
pPREY1WTF1  92
0 0.12 0.01 0 0 0 0 0 0 0 0 0 0 0 0 0.2 0.1875 0.05 0.05 0 0.05 0.05 0 0 0 0 0 0 0 0 0 0 0 0.1 0.1 0.1 0 0.1 0.1 0.2 0.125 0 0 0 0 0 0 0 0 0 0 0 0 0 0 0 0 0 0.1125 0.05 0.05 0 0 0 0.0375 0.03375 0.05 0.1 0.1 0.03 0.03375 0.0375 0.0375 0 0 0 0.05 0.15 0 0 0 0.1 0 0 0 0 0 0 0 0 0 0
pPREY2WTF1  92
0 0.12 0 0 0 0 0 0 0 0 0 0 0 0 0 0.2 0.1875 0.05 0.05 0 0.05 0.05 0 0 0 0 0 0 0 0 0 0 0 0 0 0 0 0.09 0.09 0 0.05 0 0 0 0 0 0 0 0.1 0.1 0.1 0 0 0 0 0 0 0 0.1125 0.05 0.05 0 0 0 0.0375 0.03375 0.04 0.1 0.1 0.03 0.03375 0.0375 0.0375 0 0 0 0.05 0.15 0 0 0 0.1 0 0 0 0 0 0 0 0 0 0
pPREY1WTF2  92
0.05 0.12 0.17 0.15 0.05 0.05 0.05 0.05 0.05 0 0.05 0.05 0 0 0 0.09 0.1875 0.12 0.12 0 0.135 0.135 0.01 0.1285 0.1125 0.1125 0.1125 0.1125 0.1125 0.1125 0.1125 0.1125 0 0.1125 0.1125 0.1125 0 0.1125 0.1125 0.2 0.1 0 0 0 0 0 0 0 0 0 0 0 0 0 0 0 0 0 0.1125 0.05 0.05 0 0 0 0.0375 0.03375 0.05 0.1 0.1 0.03 0.03375 0.0375 0.0375 0 0 0 0.1 0.15 0 0 0 0 0 0 0 0 0 0 0 0 0 0
pPREY2WTF2  92
0 0.12 0 0 0 0 0 0 0 0 0 0 0 0 0 0.09 0.1875 0.15 0.15 0 0.135 0.135 0 0 0 0 0 0 0 0 0 0 0 0 0 0 0 0.12 0.12 0 0.12 0 0 0 0 0 0 0 0.12 0.12 0.12 0 0 0 0 0 0 0 0.1125 0.05 0.05 0 0 0 0.0375 0.03375 0.04 0.1 0.1 0.03 0.03375 0.0375 0.0375 0 0 0 0.05 0.15 0 0 0 0 0 0 0 0 0 0 0 0 0 0
pPREY1FOU1  92
0 0.081 0 0 0 0 0 0 0 0 0 0.05 0 0 0 0.126 0.3 0.05 0.05 0 0.05 0.05 0 0 0 0 0 0 0 0 0 0 0 0 0 0 0 0 0.1 0 0.1 0 0 0 0 0 0 0 0 0 0 0 0 0 0 0 0 0 0 0.05 0.05 0 0 0 0.03 0.12 0 0.05 0.05 0.18 0.06 0.1 0.048 0 0 0 0.05 0 0 0 0 0.03 0 0 0 0 0 0 0 0 0 0
pPREY2FOU1  92
0 0.081 0 0 0 0 0 0 0 0 0 0 0 0 0 0.126 0.3 0.05 0.05 0 0.05 0.05 0 0 0 0 0 0 0 0 0 0 0 0 0 0 0 0 0.09 0 0 0 0 0 0 0 0 0 0 0 0 0 0 0 0 0 0 0 0 0.05 0.05 0 0 0 0.03 0.12 0 0.05 0.05 0.18 0.06 0.1 0.048 0 0 0 0.05 0 0 0 0 0.036 0 0 0 0 0 0 0 0 0 0
pPREY1FOU2  92
0 0.081 0 0 0 0 0 0 0 0 0 0.1 0 0 0 0.09 0.3 0.12 0.12 0 0.135 0.135 0 0 0 0 0 0 0.18 0 0 0 0 0.1125 0 0 0 0 0.1125 0 0.1 0 0 0 0 0 0 0 0 0 0 0 0 0 0 0 0 0 0 0.05 0.05 0 0 0 0.03 0.12 0 0.05 0.05 0.18 0.06 0.1 0.048 0 0 0 0.1 0 0 0 0 0 0 0 0 0 0 0 0 0 0 0
pPREY2FOU2  92
0 0.081 0 0 0 0 0 0 0 0 0 0.1 0 0 0 0.09 0.3 0.15 0.15 0 0.135 0.135 0 0 0 0 0 0 0.01 0 0 0 0 0 0 0 0 0 0.12 0 0.01 0 0 0 0 0 0 0 0 0 0 0 0 0 0 0 0 0 0 0.05 0.05 0 0 0 0.03 0.12 0 0.05 0.05 0.18 0.06 0.1 0.048 0 0 0 0.05 0 0 0 0 0 0 0 0 0 0 0 0 0 0 0
pPREY1HAL1  92
0.1275 0.108 0.105 0.07875 0.1299239 0.1299239 0.1299239 0.1299239 0.1299239 0.01 0.1299239 0.1299239 0 0 0 0.2 0.3 0.05 0.05 0.05 0.05 0.05 0.081 0.12 0.1 0.1 0.144 0.1 0.1 0.1 0.1 0.18 0.1 0.1 0.1 0.1 0.1 0.1 0.108 0.126 0.125 0.12 0 0 0 0 0 0 0 0 0.09 0 0 0 0 0 0 0 0.09 0.05 0.06 3e-06 0.01 0.01 0.036 0.1 0.05 0.1 0.1 0.042 0.18 0.054 0.06 0 0 0 0.05 0 0 0 0 0 0 0 0 0 0 0 0 0 0 0
pPREY2HAL1  92
0.1275 0.108 0.105 0.05 0.15 0.15 0.15 0.15 0.15 0 0.15 0.15 0 0 0 0.2 0.3 0.05 0.05 0.1 0.05 0.05 0.081 0.13875 0.09 0.09 0.144 0.09 0.09 0.09 0.09 0.09 0.05 0.09 0.09 0.09 0.09 0.09 0.108 0.126 0.125 0.01 0 0 0 0 0 0 0 0 0.1 0 0 0 0 0 0 0 0.09 0.05 0.06 3e-06 0.01 0.01 0.036 0.03 0.04 0.1 0.1 0.042 0.18 0.054 0.06 0 0 0 0.05 0 0 0 0 0 0 0 0 0 0 0 0 0 0 0
pPREY1HAL2  92
0.18 0.108 0.17 0.15 0.05 0.05 0.05 0.05 0.05 0.05 0.05 0.05 0 0 0 0.09 0.3 0.12 0.12 0.09 0.135 0.135 0.081 0.1285 0.1125 0.1125 0.144 0.1125 0.1125 0.1125 0.1125 0.18 0.1125 0.1125 0.1125 0.1125 0.1125 0.1125 0.108 0.126 0.1 0.09 0 0 0 0 0 0 0.1 0.1 0.09 0 0 0 0 0 0 0 0.09 0.05 0.06 3e-06 0.01 0.01 0.036 0.1 0.05 0.1 0.1 0.042 0.18 0.054 0.06 0 0 0 0.1 0 0 0 0 0 0 0 0 0 0 0 0 0 0 0
pPREY2HAL2  92
0.18 0.108 0.135 0.25 0.05 0.05 0.05 0.05 0.05 0.01 0.05 0.05 0 0 0 0.09 0.3 0.15 0.15 0.15 0.135 0.135 0.081 0.1375 0.12 0.12 0.144 0.12 0.12 0.12 0.12 0.18 0.05 0.12 0.12 0.12 0.12 0.12 0.108 0.12 0.12 0.09 0 0 0 0 0 0 0.12 0.12 0.12 0 0 0 0 0 0 0 0.09 0.05 0.06 3e-06 0.01 0.01 0.036 0.03 0.04 0.1 0.1 0.042 0.18 0.054 0.06 0 0 0 0.05 0 0 0 0 0 0 0 0 0 0 0 0 0 0 0
pPREY1PLA1  92
0 0.12 0 0 0.05 0.05 0.05 0.05 0.05 0 0.1299239 0.1299239 0 0 0 0.2 0.3 0.05 0.05 0 0.05 0.05 0 0 0 0 0 0 0 0 0 0 0 0 0 0 0 0.1 0.18 0 0.125 0 0 0 0 0 0 0 0 0 0 0 0 0 0 0 0 0 0 0.01 0.01 0 0 0 0.06 0.24 0 0 0 0.042 0.06 0.12 0.06 0 0 0 0.05 0.06 0 0 0 0 0 0 0 0 0 0 0 0 0 0
pPREY2PLA1  92
0 0.12 0 0 0 0 0 0 0 0 0 0 0 0 0 0.2 0.3 0.05 0.05 0 0.05 0.05 0 0 0 0 0 0 0 0 0 0 0 0 0 0 0 0.09 0.09 0 0.125 0 0 0 0 0 0 0 0 0 0 0 0 0 0 0 0 0 0 0.01 0.01 0 0 0 0.06 0.1 0 0 0 0.042 0.06 0.12 0.06 0 0 0 0.05 0.06 0 0 0 0 0 0 0 0 0 0 0 0 0 0
pPREY1PLA2  92
0 0.12 0 0 0.05 0.05 0.05 0.05 0.05 0 0.05 0.05 0 0 0 0.09 0.3 0.12 0.12 0 0.135 0.135 0 0 0 0 0 0 0 0 0 0 0 0 0 0 0 0.1125 0.18 0 0.1 0 0 0 0 0 0 0 0 0 0 0 0 0 0 0 0 0 0 0.01 0.01 0 0 0 0.06 0.24 0 0.3099902 0.3099902 0.042 0.06 0.12 0.06 0 0 0 0.1 0.06 0 0 0 0 0 0 0 0 0 0 0 0 0 0
pPREY2PLA2  92
0 0.12 0 0 0 0 0 0 0 0 0 0 0 0 0 0.09 0.3 0.15 0.15 0 0.135 0.135 0 0 0 0 0 0 0 0 0 0 0 0 0 0 0 0.12 0.18 0 0.12 0 0 0 0 0 0 0 0 0 0 0 0 0 0 0 0 0 0 0.01 0.01 0 0 0 0.06 0.1 0 0 0 0.042 0.06 0.12 0.06 0 0 0 0.05 0.06 0 0 0 0 0 0 0 0 0 0 0 0 0 0
pPREY1FLA1  92
0 0.12 0 0 0 0 0 0 0 0 0 0 0 0 0 0.2 0.25 0.05 0.05 0 0.05 0.05 0 0 0 0 0 0 0 0 0 0 0 0 0 0 0 0 0 0 0 0 0 0 0 0 0 0 0 0 0 0 0 0 0 0 0 0 0 0.01 0.01 0 0 0 0.2 0.25 0 0 0 0.042 0.06 0.12 0.05 0 0 0 0.05 0 0 0 0 0.1 0 0 0 0 0 0 0 0 0 0
pPREY2FLA1  92
0 0.12 0 0 0 0 0 0 0 0 0 0 0 0 0 0.2 0.25 0.05 0.05 0 0.05 0.05 0 0 0 0 0 0 0 0 0 0 0 0 0 0 0 0 0 0 0 0 0 0 0 0 0 0 0 0 0 0 0 0 0 0 0 0 0 0.01 0.01 0 0 0 0.1 0.1 0 0 0 0.042 0.06 0.12 0.05 0 0 0 0.05 0 0 0 0 0.1 0 0 0 0 0 0 0 0 0 0
pPREY1FLA2  92
0 0.12 0 0 0 0 0 0 0 0 0 0 0 0 0 0.09 0.25 0.12 0.12 0 0.135 0.135 0 0 0 0 0 0 0.1125 0 0 0 0 0 0 0 0 0 0 0 0 0 0 0 0 0 0 0 0 0 0 0 0 0 0 0 0 0 0 0.01 0.01 0 0 0 0.2 0.25 0 0 0 0.042 0.06 0.12 0.05 0 0 0 0.1 0 0 0 0 0.01 0 0 0 0 0 0 0 0 0 0
pPREY2FLA2  92
0 0.12 0 0 0 0 0 0 0 0 0 0 0 0 0 0.09 0.25 0.15 0.15 0 0.135 0.135 0 0 0 0 0 0 0 0 0 0 0 0 0 0 0 0 0 0 0 0 0 0 0 0 0 0 0 0 0 0 0 0 0 0 0 0 0 0.01 0.01 0 0 0 0.1 0.1 0 0 0 0.042 0.06 0.12 0.05 0 0 0 0.05 0 0 0 0 0.01 0 0 0 0 0 0 0 0 0 0
pPREY1BFT1  92
0.1 0.15 0.05 0 0 0 0 0 0 0 0 0 0 0.1125 0 0.1 0.1 0.12 0.01 0 0.1 0.0915 0 0.15 0.15 0.15 0.15 0 0.05 0.05 0.15 0 0.05 0 0 0 0 0 0 0 0 0 0 0 0 0 0 0 0 0 0 0.01 0 0 0 0 0 0 0 0.1 0.1 0 0 0 0 0 0 0 0 0.06 0.06 0.06 0 0 0 0 0 0 0 0 0 0 0 0 0 0 0 0 0 0 0 0
pPREY2BFT1  92
0.1 0.15 0.07 0 0 0 0 0 0 0 0 0 0 0.1125 0 0.1 0.1 0.12 0.1 0 0.1 0.0915 0 0.15 0.15 0.15 0.15 0 0.05 0.05 0.15 0 0.05 0 0 0 0 0 0 0 0 0 0 0 0 0 0 0 0 0 0 0.01 0 0 0 0 0 0 0 0.1 0.1 0 0 0 0 0 0 0 0.1 0.15 0.15 0.15 0 0 0 0 0 0 0 0 0 0 0 0 0 0 0 0 0 0 0 0
pPREY1BFT2  92
0.1 0.15 0 0 0 0 0 0 0 0 0 0 0 0.1125 0 0.1 0.1 0.12 0 0 0.1 0.1425 0.01 0.05 0.01 0.01 0.01 0 0.05 0 0.1 0 0.05 0.05 0.05 0 0 0 0 0 0 0 0 0 0 0 0 0 0 0 0 0.05 0 0 0 0 0 0 0.05 0.1 0.1 0 0 0 0 0 0 0 0 0.06 0.06 0.06 0 0 0 0 0 0 0 0 0 0 0 0 0 0 0 0 0 0 0 0
pPREY2BFT2  92
0.1 0.15 0.01 0 0 0 0 0 0 0 0 0 0 0.1125 0 0.1 0.1 0.12 0.1 0 0.1 0.0915 0 0.15 0.1 0.1 0.1 0 0.05 0.1 0.1 0 0.05 0 0 0 0 0 0 0 0 0 0 0 0 0 0 0 0 0 0 0.05 0 0 0 0 0 0 0 0.1 0.1 0 0 0 0 0 0 0 0.1 0.15 0.15 0.15 0 0 0 0 0 0 0 0 0 0 0 0 0 0 0 0 0 0 0 0
pPREY1TUN1  92
0.15 0.1 0 0 0 0 0 0 0 0 0 0 0 0.05 0 0.1 0.3 0.12 0.12 0 0.0915 0.0915 0 0.1875 0 0 0 0 0 0 0 0 0 0 0 0 0 0 0 0 0 0 0 0 0 0 0 0 0 0 0 0 0 0 0 0 0 0 0 0.1 0.1 0 0 0 0 0 0 0 0 0 0 0.06 0 0 0 0 0 0 0 0 0 0 0 0 0 0 0 0 0 0 0 0
pPREY2TUN1  92
0.15 0.1 0 0 0 0 0 0 0 0 0 0 0 0 0 0.1 0.3 0.12 0.12 0 0.0915 0.0915 0 0.1875 0 0 0 0 0 0 0 0 0 0 0 0 0 0 0 0 0 0 0 0 0 0 0 0 0 0 0 0 0 0 0 0 0 0 0 0.1 0.1 0 0 0 0 0 0 0 0 0 0 0.15 0 0 0 0 0 0 0 0 0 0 0 0 0 0 0 0 0 0 0 0
pPREY1TUN2  92
0.15 0.1 0 0 0 0 0 0 0 0 0 0 0 0.05 0 0.2 0.3 0.09 0.09 0 0.1425 0.1425 0 0.1875 0 0 0 0 0 0 0 0 0 0 0 0 0 0 0 0 0 0 0 0 0 0 0 0 0 0 0 0 0 0 0 0 0 0 0 0.1 0.1 0 0 0 0 0 0 0 0 0 0 0.06 0 0 0 0 0 0 0 0 0 0 0 0 0 0 0 0 0 0 0 0
pPREY2TUN2  92
0.15 0.1 0 0 0 0 0 0 0 0 0 0 0 0.01 0 0.2 0.3 0.09 0.09 0 0.0915 0.0915 0 0.1875 0 0 0 0 0 0 0 0 0 0 0 0 0 0 0 0 0 0 0 0 0 0 0 0 0 0 0 0 0 0 0 0 0 0 0 0.1 0.1 0 0 0 0 0 0 0 0 0 0 0.15 0 0 0 0 0 0 0 0 0 0 0 0 0 0 0 0 0 0 0 0
pPREY1BIL1  92
0.15 0.1 0 0 0 0 0 0 0 0 0 0 0.05 0.1125 0.05 0.1 0.3 0.12 0.12 0 0.0915 0.0915 0 0.1875 0 0 0 0 0 0 0 0 0.15 0 0 0 0 0 0 0 0 0 0 0 0 0 0 0 0 0 0 0 0 0 0 0 0 0 0 0.1 0.1 0 0 0 0 0 0 0 0 0 0 0 0 0 0 0 0 0 0 0 0 0 0 0 0 0 0 0 0 0 0 0
pPREY2BIL1  92
0.15 0.1 0 0 0 0 0 0 0 0 0 0 0.01 0.1125 0 0.1 0.3 0.12 0.12 0 0.0915 0.0915 0 0.1875 0 0 0 0 0 0 0 0 0.15 0 0 0 0 0 0 0 0 0 0 0 0 0 0 0 0 0 0 0 0 0 0 0 0 0 0 0.1 0.1 0 0 0 0 0 0 0 0 0 0 0 0 0 0 0 0 0 0 0 0 0 0 0 0 0 0 0 0 0 0 0
pPREY1BIL2  92
0.15 0.12 0 0 0 0 0 0 0 0 0 0 0.09 0.1125 0.05 0.2 0.3 0.09 0.09 0 0.1425 0.1425 0 0.1875 0 0 0 0 0 0 0 0 0.15 0 0 0 0 0 0 0 0 0 0 0 0 0 0 0 0 0 0 0 0 0 0 0 0 0 0 0.1 0.1 0 0 0 0 0 0 0 0 0 0 0 0 0 0 0 0 0 0 0 0 0 0 0 0 0 0 0 0 0 0 0
pPREY2BIL2  92
0.15 0.1 0 0 0 0 0 0 0 0 0 0 0.05 0.1125 0 0.2 0.3 0.09 0.09 0 0.0915 0.0915 0 0.1875 0 0 0 0 0 0 0 0 0.15 0 0 0 0 0 0 0 0 0 0 0 0 0 0 0 0 0 0 0 0 0 0 0 0 0 0 0.1 0.1 0 0 0 0 0 0 0 0 0 0 0 0 0 0 0 0 0 0 0 0 0 0 0 0 0 0 0 0 0 0 0
pPREY1MPF1  92
0 0 0 0 0 0 0 0 0 0 0 0 0 0 0 0.1 0 0.1 0.1 0 0 0 0 0 0 0 0 0 0 0 0 0 0 0 0 0 0 0 0 0 0 0 0 0 0 0 0 0 0 0 0 0 0 0 0 0 0 0 0 0 0 0 0 0 0 0 0 0 0 0.1 0.1 0.1 0.01 0 0 0 0 0 0 0 0 1.2e-05 0 0 0 0 1e-04 0 0 0 0 0
pPREY2MPF1  92
0 0 0 0 0 0 0 0 0 0 0 0 0 0 0 0.1 0 0.1 0.1 0 0 0 0 0 0 0 0 0 0 0 0 0 0 0 0 0 0 0 0 0 0 0 0 0 0 0 0 0 0 0 0 0 0 0 0 0 0 0 0 0 0 0 0 0 0 0 0 0 0 0.1 0.1 0.1 0.01 0 0 0 0 0 0 0 0 1.2e-05 0 0 0 0 1e-04 0 0 0 0 0
pPREY1MPF2  92
0 0 0 0 0 0 0 0 0 0 0 0 0 0 0 0.1 0 0.1 0.1 0 0 0 0 0 0 0 0 0 0 0 0 0 0 0 0 0 0 0 0 0 0 0 0 0 0 0 0 0 0 0 0 0 0 0 0 0 0 0 0 0 0 0 0 0 0 0 0 0 0 0.1 0.1 0.1 0.01 0 0 0 0 0 0 0 0 1.2e-05 0 0 0 0 1e-04 0 0 0 0 0
pPREY2MPF2  92
0 0 0 0 0 0 0 0 0 0 0 0 0 0 0 0.1 0 0.1 0.1 0 0 0 0 0 0 0 0 0 0 0 0 0 0 0 0 0 0 0 0 0 0 0 0 0 0 0 0 0 0 0 0 0 0 0 0 0 0 0 0 0 0 0 0 0 0 0 0 0 0 0.1 0.1 0.1 0.01 0 0 0 0 0 0 0 0 1.2e-05 0 0 0 0 1e-04 0 0 0 0 0
pPREY1BUT1  92
0 0 0 0 0 0 0 0 0 0 0 0 0 0 0 0 0 0 0 0 0 0 0 0 0 0 0 0 0 0 0 0 0 0 0 0 0 0 0 0 0 0 0 0 0 0 0 0 0 0 0 0 0 0 0 0 0 0 0 0.1 0.1 0 0 0 0.2 0.1 0.00677529 0.25 0.25 0 0.03 0.1 0.04 0 0 0 0 1e-07 0 0 0 0.05 0 0 0 0 0 0 0 0 0 0
pPREY2BUT1  92
0 0 0 0 0 0 0 0 0 0 0 0 0 0 0 0 0 0 0 0 0 0 0 0 0 0 0 0 0 0 0 0 0 0 0 0 0 0 0 0 0 0 0 0 0 0 0 0 0 0 0 0 0 0 0 0 0 0 0 0.1 0.1 0 0 0 0.2 0.1 0 0 0 0 0.03 0.1 0.04 0 0 0 0 1e-07 0 0 0 0.05 0 0 0 0 0 0 0 0 0 0
pPREY1BUT2  92
0 0 0 0 0 0 0 0 0 0 0 0 0 0 0 0 0 0 0 0 0 0 0 0 0 0 0 0 0 0 0 0 0 0 0 0 0 0 0 0 0 0 0 0 0 0 0 0 0 0 0 0 0 0 0 0 0 0 0 0.11 0.11 0 0 0 0.2 0.1 0.00677529 0.2 0.2 0 0.03 0.1 0.04 0 0 0 0 1e-07 0 0 0 0 0 0 0 0 0 0 0 0 0 0
pPREY2BUT2  92
0 0 0 0 0 0 0 0 0 0 0 0 0 0 0 0 0 0 0 0 0 0 0 0 0 0 0 0 0 0 0 0 0 0 0 0 0 0 0 0 0 0 0 0 0 0 0 0 0 0 0 0 0 0 0 0 0 0 0 0.11 0.11 0 0 0 0.2 0.1 0 0 0 0 0.03 0.1 0.04 0 0 0 0 1e-07 0 0 0 0 0 0 0 0 0 0 0 0 0 0
pPREY1BPF1  92
0 0 0 0 0 0 0 0 0 0 0 0 0 0 0 0 0 0 0 0 0 0 0 0 0 0 0 0 0 0 0 0 0 0 0 0 0 0 0 0 0 0 0 0 0 0 0 0 0 0 0 0 0 0 0 0 0 0 0 0.1 0.1 0 0 0 0.15 0.225 0.00677529 0.25 0.25 0 0.03 0.1 0.0675 0 0 0 0 0.05 0 0 0 0.1 0.01 0 0 0.1 0 0 0 0 0 0
pPREY2BPF1  92
0 0 0 0 0 0 0 0 0 0 0 0 0 0 0 0 0 0 0 0 0 0 0 0 0 0 0 0 0 0 0 0 0 0 0 0 0 0 0 0 0 0 0 0 0 0 0 0 0 0 0 0 0 0 0 0 0 0 0 0 0 0 0 0 0.1 0.15 0 0 0 0 0.03 0.1 0.0675 0 0 0 0 0 0 0 0 0.1 0.01 0 0 0.01 0 0 0 0 0 0
pPREY1BPF2  92
0 0 0 0 0 0 0 0 0 0 0 0 0 0 0 0 0 0 0 0 0 0 0 0 0 0 0 0 0 0 0 0 0 0 0 0 0 0 0 0 0 0 0 0 0 0 0 0 0 0 0 0 0 0 0 0 0 0 0 0 0 0 0 0 0.15 0.225 0.00677529 0.2 0.2 0 0.03 0.1 0.0675 0 0 0 0 0.05 0 0 0 0.1 0 0 0 0 0 0 0 0 0 0
pPREY2BPF2  92
0 0 0 0 0 0 0 0 0 0 0 0 0 0 0 0 0 0 0 0 0 0 0 0 0 0 0 0 0 0 0 0 0 0 0 0 0 0 0 0 0 0 0 0 0 0 0 0 0 0 0 0 0 0 0 0 0 0 0 0 0 0 0 0 0.1 0.15 0 0 0 0 0.03 0.1 0.0675 0 0 0 0 0 0 0 0 0.1 0 0 0 0 0 0 0 0 0 0
pPREY1ANC1  92
0 0 0 0 0 0 0 0 0 0 0 0 0 0 0 0 0 0 0 0 0 0 0 0 0 0 0 0 0 0 0 0 0 0 0 0 0 0 0 0 0 0 0 0 0 0 0 0 0 0 0 0 0 0 0 0 0 0 0 0 0 0 0 0 0 0 0 0 0 0 0 0.05 0.03428571 0 0 0 0 0 0 0 0 0.1 0 0 0 0.05 0.05 0 0 0 0 0
pPREY2ANC1  92
0 0 0 0 0 0 0 0 0 0 0 0 0 0 0 0 0 0 0 0 0 0 0 0 0 0 0 0 0 0 0 0 0 0 0 0 0 0 0 0 0 0 0 0 0 0 0 0 0 0 0 0 0 0 0 0 0 0 0 0 0 0 0 0 0 0 0 0 0 0 0 0.01 0.03428571 0 0 0 0 0 0 0 0 0.1 0 0 0 0.05 0.05 0 0 0 0 0
pPREY1ANC2  92
0 0 0 0 0 0 0 0 0 0 0 0 0 0 0 0 0 0 0 0 0 0 0 0 0 0 0 0 0 0 0 0 0 0 0 0 0 0 0 0 0 0 0 0 0 0 0 0 0 0 0 0 0 0 0 0 0 0 0 0 0 0 0 0 0.15 0.1 0 0 0 0 0 0.1 0.03428571 0 0 0 0 0 0 0 0 0.1 0 0 0 0.05 0.05 0 0 0 0 0
pPREY2ANC2  92
0 0 0 0 0 0 0 0 0 0 0 0 0 0 0 0 0 0 0 0 0 0 0 0 0 0 0 0 0 0 0 0 0 0 0 0 0 0 0 0 0 0 0 0 0 0 0 0 0 0 0 0 0 0 0 0 0 0 0 0 0 0 0 0 0 0 0 0 0 0 0 0.05 0.03428571 0 0 0 0 0 0 0 0 0.1 0 0 0 0.05 0.05 0 0 0 0 0
pPREY1GOO1  92
0.12 0.05 0.09 0.09 0.05 0.05 0.05 0.05 0.05 0.05 0.05 0.05 0 0 0 0.09 0.05 0.05 0.05 0.03 0.05 0.05 0.12 0.1 0.081 0.05 0.05 0.05 0.05 0.05 0.05 0.05 0.05 0.05 0.05 0.05 0.05 0.05 0.05 0.05 0.09 0 0 0 0 0 0 0 0.09 0.03 0.09 0.05 0 0 0 0 0 0 0.1 0.1 0.1 0.05 0.04 0.04 0.048 0.06 0.06 0.08 0.08 0.036 0.03 0.01 0.05 0 0 0 0.05 0.12 0 0 0 0 0 0 0 0 0 0 0 0 0 0
pPREY2GOO1  92
0.12 0.1 0.09 0.09 0.05 0.05 0.05 0.05 0.05 0 0.05 0.05 0 0 0 0.09 0.05 0.05 0.05 0.03 0.1 0.05 0.12 0.1 0.081 0.05 0.05 0.05 0.05 0.05 0.05 0.05 0 0.05 0.05 0.05 0.05 0.05 0.05 0.05 0.09 0 0 0 0 0 0 0 0.09 0.09 0.09 0.05 0 0 0 0 0 0 0.1 0.1 0.1 0.05 0.04 0.04 0.048 0.06 0.06 0.08 0.08 0.036 0.03 0.01 0.05 0 0 0 0.05 0.12 0 0 0 0 0 0 0 0 0 0 0 0 0 0
pPREY1GOO2  92
0.12 0.18 0.09 0.09 0.12 0.12 0.12 0.12 0.12 0.05 0.12 0.12 0 0 0 0.12 0.05 0.05 0.05 0.03 0.05 0.05 0.12 0.1 0.081 0.1 0.1 0.1 0.1 0.1 0.1 0.1 0.1 0.1 0.1 0.1 0.1 0.1 0.1 0.1 0.1 0.09 0 0 0 0 0 0 0.09 0.03 0.09 0.05 0 0 0 0 0 0 0.1 0.1 0.1 0.05 0.04 0.04 0.048 0.06 0.06 0.06 0.06 0.036 0.03 0.01 0.05 0 0 0 0.1 0.12 0 0 0 0 0 0 0 0 0 0 0 0 0 0
pPREY2GOO2  92
0.12 0.18 0.09 0.09 0.09 0.09 0.09 0.09 0.09 0.01 0.09 0.09 0 0 0 0.12 0.05 0.05 0.05 0.03 0.1 0.09 0.12 0.1 0.081 0.1 0.1 0.1 0.1 0.1 0.1 0.1 0 0.1 0.1 0.1 0.1 0.1 0.1 0.1 0.1 0.09 0 0 0 0 0 0 0.09 0.09 0.09 0.05 0 0 0 0 0 0 0.1 0.1 0.1 0.05 0.04 0.04 0.048 0.06 0.06 0.06 0.06 0.036 0.03 0.01 0.05 0 0 0 0.05 0.12 0 0 0 0 0 0 0 0 0 0 0 0 0 0
pPREY1MEN1  92
0 0 0 0 0 0 0 0 0 0 0 0 0 0 0 0 0 0 0 0 0 0 0 0 0 0 0 0 0 0 0 0 0 0 0 0 0 0 0 0 0 0 0 0 0 0 0 0 0 0 0 0 0 0 0 0 0 0 0 0 0 0 0 0 0 0 0 0 0.001 0 0 0.1 0 0 0 0 0 0 0.05 0 0 0.05 0.04 0 0 0 0.01 0 0 0 0 0
pPREY2MEN1  92
0 0 0 0 0 0 0 0 0 0 0 0 0 0 0 0 0 0 0 0 0 0 0 0 0 0 0 0 0 0 0 0 0 0 0 0 0 0 0 0 0 0 0 0 0 0 0 0 0 0 0 0 0 0 0 0 0 0 0 0 0 0 0 0 0 0 0 0 0 0 0 0.1 0 0 0 0 0 0 0.05 0 0 0.05 0.04 0 0 0 0.01 0 0 0 0 0
pPREY1MEN2  92
0 0 0 0 0 0 0 0 0 0 0 0 0 0 0 0 0 0 0 0 0 0 0 0 0 0 0 0 0 0 0 0 0 0 0 0 0 0 0 0 0 0 0 0 0 0 0 0 0 0 0 0 0 0 0 0 0 0 0 0 0 0 0 0 0 0 0 0 0.001 0 0 0.1 0 0 0 0 0 0 0.05 0 0 0.05 0.04 0 0 0 0.01 0 0 0 0 0
pPREY2MEN2  92
0 0 0 0 0 0 0 0 0 0 0 0 0 0 0 0 0 0 0 0 0 0 0 0 0 0 0 0 0 0 0 0 0 0 0 0 0 0 0 0 0 0 0 0 0 0 0 0 0 0 0 0 0 0 0 0 0 0 0 0 0 0 0 0 0 0 0 0 0 0 0 0.1 0 0 0 0 0 0 0.05 0 0 0.05 0.04 0 0 0 0.01 0 0 0 0 0
pPREY1FDE1  92
0 0 0 0 0 0 0 0 0 0 0 0 0 0 0 0 0 0 0.1 0 0 0.09999999 0 0 0 0 0 0 0 0 0 0 0 0 0 0 0 0 0.1 0 0 0 0 0 0 0 0 0 0 0 0 0 0 0 0 0 0 0 0 0 0 0 0 0 0.2666667 0.05 0 0 0 0.06666667 0.1333333 0.1 0.03333333 0 0 0 0 0.03333333 0 0 0 0.05 0 0 0 0 0 0 0 0 0 0
pPREY2FDE1  92
0 0 0 0 0 0 0 0 0 0 0 0 0 0 0 0 0 0 0.1 0 0 0.09999999 0 0 0 0 0 0 0 0 0 0 0 0 0 0 0 0 0.1 0 0 0 0 0 0 0 0 0 0 0 0 0 0 0 0 0 0 0 0 0 0 0 0 0 0.2666667 0.05 0 0 0 0.06666667 0.1333333 0.1 0.03333333 0 0 0 0 0.03333333 0 0 0 0.1 0 0 0 0 0 0 0 0 0 0
pPREY1FDE2  92
0 0 0 0 0 0 0 0 0 0 0 0 0 0 0 0 0 0 0.1 0 0 0.09999999 0 0 0 0 0 0 0 0 0 0 0 0 0 0 0 0 0.1 0 0 0 0 0 0 0 0 0 0 0 0 0 0 0 0 0 0 0 0 0 0 0 0 0 0.2666667 0.05 0 0 0 0.06666667 0.1333333 0.1 0.03333333 0 0 0 0 0.03333333 0 0 0 0.01 0 0 0 0 0 0 0 0 0 0
pPREY2FDE2  92
0 0 0 0 0 0 0 0 0 0 0 0 0 0 0 0 0 0 0.1 0 0 0.09999999 0 0 0 0 0 0 0 0 0 0 0 0 0 0 0 0 0.1 0 0 0 0 0 0 0 0 0 0 0 0 0 0 0 0 0 0 0 0 0 0 0 0 0 0.2666667 0.05 0 0 0 0.06666667 0.1333333 0.1 0.03333333 0 0 0 0 0.03333333 0 0 0 0.05 0 0 0 0 0 0 0 0 0 0
pPREY1COD1  92
0 0.04 0 0 0 0 0 0 0 0 0.05 0.05 0 0 0 0.09 0.05 0.0975 0.0975 0 0.1125 0.1125 0 0 0 0 0 0 0.05 0 0 0 0 0 0 0 0 0.1157143 0.05 0.105 0.09 0 0 0 0 0 0 0 0 0 0 0 0 0 0 0 0 0 0 0.05 0.05 0.08571429 0.05 0.05 0.08571429 0.1 0.02 0.02 0.06 0.03 0.04285714 0.035 0.04285714 0 0 0 0.05 0.03428571 0 0 0 0.01 0 0 0 0 0 0 0 0 0 0
pPREY2COD1  92
0 0.01 0 0 0 0 0 0 0 0 0 0 0 0 0 0.09 0.09 0.0975 0.0975 0 0.1125 0.1125 0 0 0 0 0 0 0 0 0 0 0 0 0 0 0 0.1157143 0.05 0 0 0 0 0 0 0 0 0 0 0 0 0 0 0 0 0 0 0 0 0.05 0.05 0.08571429 0.05 0.05 0.08571429 0.1 0.01 0.01 0.06 0.03 0.04285714 0.035 0.04285714 0 0 0 0.05 0.03428571 0 0 0 0.05 0 0 0 0 0 0 0 0 0 0
pPREY1COD2  92
0.05 0.05 0 0 0 0 0 0 0 0 0.05 0.05 0 0 0 0.09 0.05 0.1 0.1 0 0.1 0.1 0 0 0 0 0 0 0.1285714 0 0 0 0 0 0 0 0 0.1157143 0.1125 0.09 0.1125 0 0 0 0 0 0 0 0 0 0 0 0 0 0 0 0 0 0 0.08571429 0.08571429 0.08571429 0.05 0.05 0.08571429 0.1 0.05 0.05 0.1 0.03 0.04285714 0.035 0.04285714 0 0 0 0.1 0.03428571 0 0 0 0 0 0 0 0 0 0 0 0 0 0
pPREY2COD2  92
0.05 0.05 0 0 0 0 0 0 0 0 0 0 0 0 0 0.09 0.05 0.1 0.1 0 0.1 0.1 0 0 0 0 0 0 0 0 0 0 0 0 0 0 0 0.1157143 0.1125 0 0 0 0 0 0 0 0 0 0 0 0 0 0 0 0 0 0 0 0 0.08571429 0.08571429 0.08571429 0.05 0.05 0.08571429 0.1 0.05 0.05 0.1 0.03 0.04285714 0.035 0.04285714 0 0 0 0.05 0.03428571 0 0 0 0 0 0 0 0 0 0 0 0 0 0
pPREY1SHK1  92
0.028 0.005 0.05 0 0.05 0.05 0.05 0.05 0.09 0 0.05 0.05 0 0 0 0.06 0.1 0.06 0.04 0 0.07 0.07 0.00375 0.106 0.05 0.05 0.05 0.05 0.05 0 0.05 0.05 0 0.05 0.05 0.05 0.05 0.05 0.05 0 0.09 0 0 0 0 0 0 0 0 0 0 0 0 0 0 0 0 0 0.01 0.09 0.12 0 0 0 0.01 0.0042 0 0 0.00017552 0.12 0.18 0.06 0.04 0 0 0 0 0.0017 0 0 0 0.01 0 0 0 0 0 0 0 0 0 0
pPREY2SHK1  92
0.035 0.003 0 0 0 0 0 0 0 0 0 0 0 0 0 0.09 0.1 0.1 0.07 0 0.03 0.03 0.00225 0.119 0.07 0.07 0.07 0.07 0.07 0 0.07 0 0 0 0 0 0 0 0 0 0.045 0 0 0 0 0 0 0 0 0 0 0 0 0 0 0 0 0 0.01 0.09 0.12 0 0 0 0.01 0.0042 0 0 0.00017552 0.12 0.18 0.06 0.04 0 0 0 0 0.0017 0 0 0 0.01 0 0 0 0 0 0 0 0 0 0
pPREY1SHK2  92
0.033 0.005 0.08 0 0.05 0.05 0.05 0.05 0.09 0 0.05 0.08 0 0 0 0.06 0.1 0.08 0.04 0 0.07 0.07 0.0040625 0.106 0.08 0.08 0.08 0.08 0.08 0 0.08 0.08 0 0.08 0.08 0.08 0.08 0.08 0.08 0 0.002 0 0 0 0 0 0 0 0 0 0 0 0 0 0 0 0 0 0.01 0.07 0.12 0 0 0 0.000749 0.0042 0 0 0.00017552 0.12 0.18 0.02 0.02 0 0 0 0 0.0017 0 0 0 1e-04 0 0 0 0 0 0 0 0 0 0
pPREY2SHK2  92
0.035 0.005 0.01 0 0.01 0.01 0.01 0.01 0.09 0 0.01 0.05 0 0 0 0.09 0.1 0.1 0.07 0 0.0375 0.0375 0.0035 0.2 0.01 0.01 0.01 0.01 0.01 0 0.01 0.01 0 0.01 0.01 0.01 0.01 0.01 0.01 0 0.045 0 0 0 0 0 0 0 0 0 0 0 0 0 0 0 0 0 0.01 0.15 0.15 0 0 0 0.000749 0.0042 0 0 0.00017552 0.12 0.18 0.02 0.02 0 0 0 0 0.0017 0 0 0 1e-04 0 0 0 0 0 0 0 0 0 0
pPREY1OHK1  92
0.09 0.02 0 0 0 0 0 0 0 0 0 0 0 0 0 0.1 0.09 0.2 0.1 0 0.09 0.09 0 0 0 0 0 0 0 0 0 0 0 0 0 0 0 0.15 0.15 0 0.13 0 0 0 0 0 0 0 0 0 0 0 0 0 0 0 0 0 0.05 0.06 0.005 0 0 0 0.1 0.08 0.08 0.0493747 0.0493747 0.12 0.015 0.03 0.015 0 0 0 0 0 0 0 0 0 0 0 0 0 0 0 0 0 0 0
pPREY2OHK1  92
0.09 0.02 0 0 0 0 0 0 0 0 0 0 0 0 0 0.1 0.09 0.2 0.1 0 0 0 0 0 0 0 0 0 0 0 0 0 0 0 0 0 0 0.135 0.135 0 0.13 0 0 0 0 0 0 0 0 0 0 0 0 0 0 0 0 0 0.05 0.06 0.005 0 0 0 0.1052546 0.08 0 0 0.0493747 0.12 0.015 0.03 0.015 0 0 0 0 0 0 0 0 0 0 0 0 0 0 0 0 0 0 0
pPREY1OHK2  92
0.12 0.05 0 0 0 0 0 0 0 0 0 0 0 0 0 0.2 0.09 0.09 0.09 0.05 0.0975 0.0975 0 0 0 0 0 0 0 0 0 0 0 0 0 0 0 0.12 0.12 0 0.135 0 0 0 0 0 0 0 0 0 0 0 0 0 0 0 0 0 0.05 0.06 0.004 0 0 0 0.1 0.08 0.08 0.15 0.15 0.12 0.015 0.03 0.015 0 0 0 0 0 0 0 0 0 0 0 0 0 0 0 0 0 0 0
pPREY2OHK2  92
0.12 0.05 0 0 0 0 0 0 0 0 0 0 0 0 0 0.2 0.09 0.09 0.09 0 0.07 0.1 0 0 0 0 0 0 0 0 0 0 0 0 0 0 0 0.2 0.2 0 0.135 0 0 0 0 0 0 0 0 0 0 0 0 0 0 0 0 0 0.05 0.06 0.004 0 0 0 0.1052546 0.08 0 0 0.15 0.12 0.015 0.03 0.015 0 0 0 0 0 0 0 0 0 0 0 0 0 0 0 0 0 0 0
pPREY1POL1  92
0 0 0 0 0 0 0 0 0 0 0 0 0 0 0 0.1 0.09 0.1 0.1 0 0.09 0.09 0 0 0 0 0 0 0 0 0 0 0 0 0 0 0 0 0 0 0 0 0 0 0 0 0 0 0 0 0 0 0 0 0 0 0 0 0 0.005 0.015 0 0 0 0.1 0.105 0.08 0.0493747 0.0493747 0.015 0.03 0.1 0.06 0 0 0 0.05 0.135 0 0 0 0 0 0 0 0 0 0 0 0 0 0
pPREY2POL1  92
0 0 0 0 0 0 0 0 0 0 0 0 0 0 0 0.1 0.09 0.1 0.1 0 0.1 0.25 0 0 0 0 0 0 0 0 0 0 0 0 0 0 0 0 0 0 0 0 0 0 0 0 0 0 0 0 0 0 0 0 0 0 0 0 0 0.005 0.015 0 0 0 0.1052546 0.105 0.09 0.0493747 0.0493747 0.015 0.03 0.1 0.06 0 0 0 0.05 0.135 0 0 0 0 0 0 0 0 0 0 0 0 0 0
pPREY1POL2  92
0.105 0.09 0.03 0 0.05 0.05 0.05 0.05 0.05 0 0.05 0.1 0 0 0 0.2 0.09 0.09 0.09 0 0.0975 0.0975 0 0.1005 0.12 0.12 0.12 0.12 0.12 0 0 0 0 0 0 0 0 0.12 0.12 0 0 0 0 0 0 0 0 0 0 0 0 0 0 0 0 0 0 0 0 0.004 0.015 0 0 0 0.1 0.105 0.08 0.15 0.15 0.015 0.03 0.1 0.06 0 0 0 0.1 0.135 0 0 0 0 0 0 0 0 0 0 0 0 0 0
pPREY2POL2  92
0.105 0.09 0 0 0 0 0 0 0 0 0.1 0.1 0 0 0 0.2 0.09 0.09 0.09 0 0.1 0.25 0 0 0 0 0 0 0 0 0 0 0 0 0 0 0 0.2 0.2 0 0 0 0 0 0 0 0 0 0 0 0 0 0 0 0 0 0 0 0 0.004 0.015 0 0 0 0.1052546 0.105 0.09 0.15 0.15 0.015 0.03 0.1 0.06 0 0 0 0.05 0.135 0 0 0 0 0 0 0 0 0 0 0 0 0 0
pPREY1RHK1  92
0 0 0 0 0 0 0 0 0 0 0 0 0 0 0 0.1 0.09 0.1 0.1 0 0.09 0.09 0.135 0 0 0 0 0 0 0 0 0 0 0 0 0 0 0.15 0.15 0 0.13 0 0 0 0 0 0 0 0 0 0 0 0 0 0 0 0 0 0.1 0.005 0.045 0 0 0 0.1 0.08 0.08 0.0493747 0.09 0.06 0.06 0.03 0.03 0 0 0 0 0.03 0 0 0 0.015 0 0 0 0 0 0 0 0 0 0
pPREY2RHK1  92
0 0 0 0 0 0 0 0 0 0 0 0 0 0 0 0.1 0.09 0.1 0.1 0 0.05 0.25 0 0 0 0 0 0 0 0 0 0 0 0 0 0 0 0.135 0.135 0 0 0 0 0 0 0 0 0 0 0 0 0 0 0 0 0 0 0 0 0.005 0.045 0 0 0 0.1052546 0.08 0.09 0.0493747 0.09 0.06 0.06 0.03 0.03 0 0 0 0 0.03 0 0 0 0.015 0 0 0 0 0 0 0 0 0 0
pPREY1RHK2  92
0 0 0 0 0.05 0 0 0 0.05 0 0 0.1 0 0 0 0.2 0.09 0.09 0.09 0 0.0975 0.0975 0 0 0 0 0 0 0 0 0 0 0 0 0 0 0 0.12 0.12 0 0.135 0 0 0 0 0 0 0 0 0 0 0 0 0 0 0 0 0 0.1 0.004 0.045 0 0 0 0.1 0.08 0.08 0.15 0.09 0.06 0.06 0.03 0.03 0 0 0 0 0.03 0 0 0 0 0 0 0 0 0 0 0 0 0 0
pPREY2RHK2  92
0 0 0 0 0 0 0 0 0 0 0 0 0 0 0 0.2 0.09 0.09 0.09 0 0.05 0.25 0 0 0 0 0 0 0 0 0 0 0 0 0 0 0 0.2 0.2 0 0 0 0 0 0 0 0 0 0 0 0 0 0 0 0 0 0 0 0 0.004 0.045 0 0 0 0.1052546 0.08 0.09 0.15 0.09 0.06 0.06 0.03 0.03 0 0 0 0 0.03 0 0 0 0 0 0 0 0 0 0 0 0 0 0
pPREY1BSB1  92
0 0.05 0 0 0 0 0 0 0 0 0 0 0 0 0 0.09 0.09 0.2 0.2 0 0.09 0.09 0 0 0 0 0 0 0 0 0 0 0 0.09375 0.09375 0.09375 0.09375 0.09375 0.09375 0 0.13 0 0 0 0 0 0 0 0.15 0.1 0.135 0 0 0 0 0 0 0 0.1 0.09 0.005 0 0 0 0.1 0.08 0.08 0.0493747 0.0493747 0.045 0.03 0.03 0.045 0 0 0 0 0.09 0 0 0 0 0 0 0 0 0 0 0 0 0 0
pPREY2BSB1  92
0 0.01 0 0 0 0 0 0 0 0 0 0 0 0 0 0.09 0.09 0.2 0.2 0 0.02 0.25 0 0 0 0 0 0 0 0 0 0 0 0 0 0 0 0 0 0 0 0 0 0 0 0 0 0 0 0 0 0 0 0 0 0 0 0 0 0.09 0.005 0 0 0 0.1052546 0.08 0.09 0.0493747 0.0493747 0.045 0.03 0.03 0.045 0 0 0 0 0.09 0 0 0 0 0 0 0 0 0 0 0 0 0 0
pPREY1BSB2  92
0.05 0.05 0 0 0 0 0 0 0 0 0 0 0 0 0 0.09 0.09 0.09 0.09 0 0.0975 0.0975 0 0 0 0 0 0 0 0 0 0 0 0.1005 0.1005 0.1005 0.1005 0.1005 0.1005 0 0.135 0 0 0 0 0 0 0 0.15 0.03 0.135 0 0 0 0 0 0 0 0.1 0.09 0.004 0 0 0 0.1 0.08 0.08 0.15 0.15 0.045 0.03 0.03 0.045 0 0 0 0 0.09 0 0 0 0 0 0 0 0 0 0 0 0 0 0
pPREY2BSB2  92
0 0.01 0 0 0 0 0 0 0 0 0 0 0 0 0 0.09 0.09 0.09 0.09 0 0.1 0.25 0 0 0 0 0 0 0 0 0 0 0 0 0 0 0 0 0 0 0 0 0 0 0 0 0 0 0 0 0 0 0 0 0 0 0 0 0 0.09 0.004 0 0 0 0.1052546 0.08 0.09 0.15 0.15 0.045 0.03 0.03 0.045 0 0 0 0 0.09 0 0 0 0 0 0 0 0 0 0 0 0 0 0
pPREY1SCU1  92
0 0 0 0 0 0 0 0 0 0 0 0 0 0 0 0 0.09 0 0.135 0 0 0 0 0 0 0 0 0 0 0 0 0 0 0 0 0 0 0 0.03 0 0 0 0 0 0 0 0 0 0 0 0 0 0 0 0 0 0 0 0 0.05 0.05 0 0.1 0.12 0.045 0.105 0 0 1.05e-07 0.09 0.03 0.045 0.015 0 0 0 0 0.135 0 0 0 0.045 0 0 0 0 0 0 0 0 0 0
pPREY2SCU1  92
0 0 0 0 0 0 0 0 0 0 0 0 0 0 0 0 0.09 0 0.135 0 0 0 0 0 0 0 0 0 0 0 0 0 0 0 0 0 0 0 0.03 0 0 0 0 0 0 0 0 0 0 0 0 0 0 0 0 0 0 0 0 0 0 0 0 0 0.045 0.105 0 0 1.05e-07 0.09 0.03 0.045 0.015 0 0 0 0 0.135 0 0 0 0.045 0 0 0 0 0 0 0 0 0 0
pPREY1SCU2  92
0 0 0 0 0 0 0 0 0 0 0 0 0 0 0 0 0.09 0 0.135 0 0 0 0 0 0 0 0 0 0 0 0 0 0 0 0 0 0 0 0.03 0 0 0 0 0 0 0 0 0 0 0 0 0 0 0 0 0 0 0 0 0.05 0.05 0 0.1 0.12 0.045 0.105 0 0 1.05e-07 0.1 0.1 0.045 0.015 0 0 0 0 0.135 0 0 0 0 0 0 0 0 0 0 0 0 0 0
pPREY2SCU2  92
0 0 0 0 0 0 0 0 0 0 0 0 0 0 0 0 0.09 0 0.135 0 0 0 0 0 0 0 0 0 0 0 0 0 0 0 0 0 0 0 0.03 0 0 0 0 0 0 0 0 0 0 0 0 0 0 0 0 0 0 0 0 0 0 0 0 0 0.045 0.105 0 0 1.05e-07 0.1 0.1 0.045 0.015 0 0 0 0 0.135 0 0 0 0 0 0 0 0 0 0 0 0 0 0
pPREY1TYL1  92
0 0 0 0 0 0 0 0 0 0 0 0 0 0 0 0.1 0.09 0.2 0.01 0 0.09 0 0 0 0 0 0 0 0 0 0 0 0 0 0 0 0 0 0 0 0 0 0 0 0 0 0 0 0 0 0 0 0 0 0 0 0 0 0 0.005 0.005 0 0 0 0.1 0.08 0.08 0.0493747 0.0493747 0.0493747 0.0493747 0.19 0.075 0 0 0 0.075 0 0 0 0 0 0 0 0 0 0 0 0 0 0 0
pPREY2TYL1  92
0 0 0 0 0 0 0 0 0 0 0 0 0 0 0 0.1 0.09 0.2 0.01 0 0.05 0 0 0 0 0 0 0 0 0 0 0 0 0 0 0 0 0 0 0 0 0 0 0 0 0 0 0 0 0 0 0 0 0 0 0 0 0 0 0.005 0.005 0 0 0 0.1052546 0.08 0.09 0.0493747 0.0493747 0.0493747 0.0493747 0.19 0.075 0 0 0 0.075 0 0 0 0 0 0 0 0 0 0 0 0 0 0 0
pPREY1TYL2  92
0 0 0 0 0 0 0 0 0 0 0 0 0 0 0 0.2 0.09 0.09 0.09 0 0.0975 0 0 0 0 0 0 0 0 0 0 0 0 0 0 0 0 0 0 0 0 0 0 0 0 0 0 0 0 0 0 0 0 0 0 0 0 0 0 0.004 0.004 0 0 0 0.1 0.08 0.08 0.15 0.15 0.15 0.15 0.19 0.075 0 0 0 0.075 0 0 0 0 0 0 0 0 0 0 0 0 0 0 0
pPREY2TYL2  92
0 0 0 0 0 0 0 0 0 0 0 0 0 0 0 0.2 0.09 0.09 0.09 0 0.1 0 0 0 0 0 0 0 0 0 0 0 0 0 0 0 0 0 0 0 0 0 0 0 0 0 0 0 0 0 0 0 0 0 0 0 0 0 0 0.004 0.004 0 0 0 0.1052546 0.08 0.09 0.15 0.15 0.15 0.15 0.19 0.075 0 0 0 0.075 0 0 0 0 0 0 0 0 0 0 0 0 0 0 0
pPREY1RED1  92
0 0 0 0 0 0 0 0 0 0 0 0 0 0 0 0.1 0.09 0.2 0.2 0 0.09 0.09 0 0 0 0 0 0 0 0 0 0 0 0 0 0 0 0 0 0 0 0 0 0 0 0 0 0 0 0 0 0 0 0 0 0 0 0 0 0.1 0.1 0 0 0 0.1 0.135 0.08 0.0493747 0.0493747 0.1 0.1 0.1 0.1 0 0 0 0.05 0.045 0 0 0 0 0 0 0 0.05 0 0 0 0 0 0
pPREY2RED1  92
0 0 0 0 0 0 0 0 0 0 0 0 0 0 0 0.1 0.09 0.2 0.2 0 0.05 0.25 0 0 0 0 0 0 0 0 0 0 0 0 0 0 0 0 0 0 0 0 0 0 0 0 0 0 0 0 0 0 0 0 0 0 0 0 0 0.1 0.1 0 0 0 0.1052546 0.135 0.09 0.0493747 0.0493747 0.1 0.1 0.1 0.1 0 0 0 0.05 0.045 0 0 0 0 0 0 0 0.05 0 0 0 0 0 0
pPREY1RED2  92
0 0 0 0 0 0 0 0 0 0 0 0 0 0 0 0.2 0.09 0.09 0.09 0 0.05 0.0975 0 0 0 0 0 0 0 0 0 0 0 0 0 0 0 0 0 0 0 0 0 0 0 0 0 0 0 0 0 0 0 0 0 0 0 0 0 0.1 0.1 0 0 0 0.1 0.135 0.08 0.15 0.15 0.1 0.1 0.1 0.1 0 0 0 0.1 0.045 0 0 0 0 0 0 0 0 0 0 0 0 0 0
pPREY2RED2  92
0 0 0 0 0 0 0 0 0 0 0 0 0 0 0 0.2 0.09 0.09 0.09 0 0.05 0.25 0 0 0 0 0 0 0 0 0 0 0 0 0 0 0 0 0 0 0 0 0 0 0 0 0 0 0 0 0 0 0 0 0 0 0 0 0 0.1 0.1 0 0 0 0.1052546 0.135 0.09 0.15 0.15 0.1 0.1 0.1 0.1 0 0 0 0.05 0.045 0 0 0 0 0 0 0 0 0 0 0 0 0 0
pPREY1OPT1  92
0.135 0.09 0 0 0 0 0 0 0 0 0 0 0 0 0 0.15 0.09 0.09 0.09 0.05 0.135 0.135 0 0 0 0 0 0 0 0 0 0 0 0 0 0 0 0.3 0.3 0.1125 0.15 0 0 0 0 0 0 0 0 0 0 0 0 0 0 0 0 0 0.05 0.0075 0.0075 0 0 0 0.15 0.12 0.08 0.12 0.12 0.075 0.075 0.03 0.105 0 0 0 0 0.03 0 0 0 0 0 0 0 0 0 0 0 0 0 0
pPREY2OPT1  92
0.135 0.09 0 0 0 0 0 0 0 0 0 0 0 0 0 0.15 0.09 0.09 0.09 0 0.135 0.135 0 0 0 0 0 0 0 0 0 0 0 0 0 0 0 0.3 0.3 0.1125 0.15 0 0 0 0 0 0 0 0 0 0 0 0 0 0 0 0 0 0.05 0.0075 0.0075 0 0 0 0.15 0.12 0.09 0.12 0.12 0.075 0.075 0.03 0.105 0 0 0 0 0.03 0 0 0 0 0 0 0 0 0 0 0 0 0 0
pPREY1OPT2  92
0.135 0.09 0 0 0 0 0 0 0 0 0 0 0 0 0 0.2 0.09 0.09 0.09 0.05 0.0975 0.0975 0 0 0 0 0 0 0 0 0 0 0 0 0 0 0 0.3 0.3 0.2 0.135 0 0 0 0 0 0 0 0 0 0 0 0 0 0 0 0 0 0.05 0.0075 0.0075 0 0 0 0.15 0.12 0.08 0.12 0.12 0.075 0.075 0.03 0.105 0 0 0 0 0.03 0 0 0 0 0 0 0 0 0 0 0 0 0 0
pPREY2OPT2  92
0.135 0.09 0 0 0 0 0 0 0 0 0 0 0 0 0 0.2 0.09 0.09 0.09 0 0.135 0.135 0 0 0 0 0 0 0 0 0 0 0 0 0 0 0 0.3 0.3 0.1 0.135 0 0 0 0 0 0 0 0 0 0 0 0 0 0 0 0 0 0.05 0.0075 0.0075 0 0 0 0.15 0.12 0.09 0.12 0.12 0.075 0.075 0.03 0.105 0 0 0 0 0.03 0 0 0 0 0 0 0 0 0 0 0 0 0 0
pPREY1SAL1  92
0 0.05 0 0 0 0 0 0 0 0 0 0 0 0 0 0.135 0.09 0.2 0.2 0 0 0 0 0 0 0 0 0 0 0 0 0 0 0 0 0 0 0 0 0 0 0 0 0 0 0 0 0 0 0 0 0 0 0 0 0 0 0 0 0.075 0.005 0 0 0 0 0 0 0 0 0.075 0.06 0.1 0 0 0 0 0 0 0 0 0 0.01 0 0 0 0 0 0 0 0 0 0
pPREY2SAL1  92
0 0.05 0 0 0 0 0 0 0 0 0 0 0 0 0 0.135 0.09 0.2 0.2 0 0 0 0 0 0 0 0 0 0 0 0 0 0 0 0 0 0 0 0 0 0 0 0 0 0 0 0 0 0 0 0 0 0 0 0 0 0 0 0 0.075 0.005 0 0 0 0 0 0 0 0 0.075 0.06 0.1 0 0 0 0 0 0 0 0 0 0.01 0 0 0 0 0 0 0 0 0 0
pPREY1SAL2  92
0 0.1 0 0 0 0 0 0 0 0 0 0 0 0 0 0.2 0.09 0.09 0.09 0 0 0 0 0 0 0 0 0 0 0 0 0 0 0 0 0 0 0 0 0 0 0 0 0 0 0 0 0 0 0 0 0 0 0 0 0 0 0 0 0.075 0.004 0 0 0 0 0 0 0 0 0.075 0.06 0.1 0 0 0 0 0 0 0 0 0 0 0 0 0 0 0 0 0 0 0 0
pPREY2SAL2  92
0 0.1 0 0 0 0 0 0 0 0 0 0 0 0 0 0.2 0.09 0.09 0.09 0 0 0 0 0 0 0 0 0 0 0 0 0 0 0 0 0 0 0 0 0 0 0 0 0 0 0 0 0 0 0 0 0 0 0 0 0 0 0 0 0.075 0.004 0 0 0 0 0 0 0 0 0.075 0.06 0.1 0 0 0 0 0 0 0 0 0 0 0 0 0 0 0 0 0 0 0 0
pPREY1DRM1  92
0.09 0.12 0 0 0 0 0 0 0 0 0 0 0 0 0 0.1 0.09 0.2 0.1 0 0.09 0.09 0 0 0 0 0 0 0.15 0 0 0 0 0.15 0 0 0 0.15 0.15 0 0 0 0 0 0 0 0 0 0 0 0 0 0 0 0 0 0 0 0 0.075 0.005 3e-05 0.1 0.06 0.105 0.08 0.08 0.0493747 0.06 0.06 0.045 0.045 0.09 0 0 0 0.05 0.03 0 0 0 0 0 0 0 0 0 0 0 0 0 0
pPREY2DRM1  92
0.09 0.12 0 0 0 0 0 0 0 0 0 0 0 0 0 0.1 0.09 0.2 0.1 0 0.1 0.25 0 0 0 0 0 0 0.135 0 0 0 0 0.135 0 0 0 0.135 0.135 0 0 0 0 0 0 0 0 0 0 0 0 0 0 0 0 0 0 0 0 0.075 0.005 3e-05 0.1052546 0.06 0.1052546 0.08 0.09 0.0493747 0.06 0.06 0.045 0.045 0.09 0 0 0 0.05 0.03 0 0 0 0 0 0 0 0 0 0 0 0 0 0
pPREY1DRM2  92
0.12 0.05 0 0 0 0 0 0 0 0 0 0 0 0 0 0.2 0.09 0.09 0.09 0 0.0975 0.0975 0 0 0 0 0 0 0.12 0 0 0 0 0.12 0 0 0 0.12 0.12 0 0 0 0 0 0 0 0 0 0 0 0 0 0 0 0 0 0 0 0 0.075 0.004 3e-05 0.1 0.06 0.105 0.08 0.08 0.15 0.06 0.06 0.045 0.045 0.09 0 0 0 0.1 0.03 0 0 0 0 0 0 0 0 0 0 0 0 0 0
pPREY2DRM2  92
0.12 0.05 0 0 0 0 0 0 0 0 0 0 0 0 0 0.2 0.09 0.09 0.09 0 0.12 0.25 0 0 0 0 0 0 0.2 0 0 0 0 0.2 0 0 0 0.2 0.2 0 0 0 0 0 0 0 0 0 0 0 0 0 0 0 0 0 0 0 0 0.075 0.004 3e-05 0.1052546 0.06 0.1052546 0.08 0.09 0.15 0.06 0.06 0.045 0.045 0.09 0 0 0 0.05 0.03 0 0 0 0 0 0 0 0 0 0 0 0 0 0
pPREY1STB1  92
0 0.105 0 0 0 0 0 0 0 0 0 0 0 0 0 0.1 0.09 0.2 0.1 0 0.09 0.09 0 0 0 0 0 0 0.15 0 0 0 0 0 0 0 0 0.15 0.15 0 0 0 0 0 0 0 0 0 0 0 0 0 0 0 0 0 0 0 0.1 0.005 0.005 0 0.1 0.1 0.1 0.08 0 0.0493747 0.0493747 0.09 0.03 0.03 0.03 0 0 0 0 0 0 0 0 0 0 0 0 0 0 0 0 0 0 0
pPREY2STB1  92
0 0.105 0 0 0 0 0 0 0 0 0 0 0 0 0 0.1 0.09 0.2 0.1 0 0.1 0.25 0 0 0 0 0 0 0.135 0 0 0 0 0 0 0 0 0.135 0.135 0 0 0 0 0 0 0 0 0 0 0 0 0 0 0 0 0 0 0 0.1 0.005 0.005 0 0.1052546 0.1052546 0.1052546 0.08 0 0.0493747 0.0493747 0.09 0.03 0.03 0.03 0 0 0 0 0 0 0 0 0 0 0 0 0 0 0 0 0 0 0
pPREY1STB2  92
0 0.105 0 0.1125 0 0 0 0 0 0 0 0 0 0 0 0.2 0.09 0.09 0.09 0 0.0975 0.0975 0 0 0 0 0 0 0.12 0 0 0 0 0 0.12 0 0 0.12 0.12 0 0 0 0 0 0 0 0 0 0 0 0 0 0 0 0 0 0 0 0.1 0.004 0.004 0 0.1 0.1 0.1 0.08 0.08 0.15 0.15 0.09 0.03 0.03 0.03 0 0 0 0 0 0 0 0 0 0 0 0 0 0 0 0 0 0 0
pPREY2STB2  92
0 0.105 0 0 0 0 0 0 0 0 0 0 0 0 0 0.2 0.09 0.09 0.09 0 0.12 0.25 0 0 0 0 0 0 0.2 0 0 0 0 0 0 0 0 0.2 0.2 0 0 0 0 0 0 0 0 0 0 0 0 0 0 0 0 0 0 0 0.1 0.004 0.004 0 0.1052546 0.1052546 0.1052546 0.08 0 0.15 0.15 0.09 0.03 0.03 0.03 0 0 0 0 0 0 0 0 0 0 0 0 0 0 0 0 0 0 0
pPREY1TAU1  92
0 0 0 0 0 0 0 0 0 0 0 0 0 0 0 0 0 0 0 0 0 0 0 0 0 0 0 0 0 0 0 0 0 0 0 0 0 0 0 0 0 0 0 0 0 0 0 0 0 0 0 0 0 0 0 0 0 0 0 0.005 0.005 0.075 0.1 0.1 0.03 0.08 0.08 0.0493747 0.0493747 0.0493747 0.0493747 0.045 0.045 0 0 0 0.05 0.2 0 0 0 0 0 0 0 0 0 0 0 0 0 0
pPREY2TAU1  92
0 0 0 0 0 0 0 0 0 0 0 0 0 0 0 0 0 0 0 0 0 0 0 0 0 0 0 0 0 0 0 0 0 0 0 0 0 0 0 0 0 0 0 0 0 0 0 0 0 0 0 0 0 0 0 0 0 0 0 0.005 0.005 0.075 0.1052546 0.1052546 0.03 0.08 0.09 0.15 0.15 0.15 0.15 0.045 0.045 0 0 0 0.05 0.2 0 0 0 0 0 0 0 0 0 0 0 0 0 0
pPREY1TAU2  92
0 0 0 0 0 0 0 0 0 0 0 0 0 0 0 0 0 0 0 0 0 0 0 0 0 0 0 0 0 0 0 0 0 0 0 0 0 0 0 0 0 0 0 0 0 0 0 0 0 0 0 0 0 0 0 0 0 0 0 0.004 0.004 0.075 0.1 0.1 0.03 0.08 0.08 0.0493747 0.0493747 0.0493747 0.0493747 0.045 0.045 0 0 0 0.1 0.2 0 0 0 0 0 0 0 0 0 0 0 0 0 0
pPREY2TAU2  92
0 0 0 0 0 0 0 0 0 0 0 0 0 0 0 0 0 0 0 0 0 0 0 0 0 0 0 0 0 0 0 0 0 0 0 0 0 0 0 0 0 0 0 0 0 0 0 0 0 0 0 0 0 0 0 0 0 0 0 0.004 0.004 0.075 0.1052546 0.1052546 0.03 0.08 0.09 0.15 0.15 0.15 0.15 0.045 0.045 0 0 0 0.05 0.2 0 0 0 0 0 0 0 0 0 0 0 0 0 0
pPREY1WOL1  92
0.09 0.05 0.05 0.105 0.105 0.105 0.105 0.105 0.105 0.01 0.105 0.105 0 0 0 0.1 0.09 0.2 0.1 0.05 0.09 0.09 0 0 0 0 0 0 0 0 0 0 0 0 0 0 0 0.15 0.15 0.05 0.13 0.105 0 0 0 0 0 0 0.15 0.1 0.1 0.05 0 0 0 0 0 0 0.1 0.005 0.005 0.03 0.1 0.1 0.105 0.08 0.08 0.0493747 0.0493747 0.03 0 0.03 0 0 0 0 0.05 0 0 0 0 0 0 0 0 0 0 0 0 0 0 0
pPREY1WOL2  92
0.09 0.05 0.05 0.105 0.105 0.105 0.105 0.105 0.105 0.05 0.105 0.105 0 0 0 0.1 0.09 0.2 0.09 0.07 0.05 0.25 0 0 0 0 0 0 0 0 0 0 0 0 0 0 0 0.135 0.135 0.05 0.13 0.105 0 0 0 0 0 0 0.15 0.03 0.03 0.05 0 0 0 0 0 0 0.1 0.005 0.005 0.03 0.1052546 0.1052546 0.1052546 0.08 0.09 0.0493747 0.0493747 0.03 0 0.03 0 0 0 0 0.05 0 0 0 0 0 0 0 0 0 0 0 0 0 0 0
pPREY2WOL1  92
0.12 0.05 0.05 0.05 0.05 0.05 0.05 0.05 0.05 0 0.05 0.1 0 0 0 0.2 0.09 0.09 0.1 0.05 0.0975 0.0975 0 0 0 0 0 0 0 0 0 0 0 0 0 0 0 0.12 0.12 0.2 0.135 4e-04 0 0 0 0 0 0 0.15 0.03 0.03 0.05 0 0 0 0 0 0 0.1 0.004 0.004 0.03 0.1 0.1 0.105 0.08 0.08 0.15 0.15 0.03 0 0.03 0 0 0 0 0.1 0 0 0 0 0 0 0 0 0 0 0 0 0 0 0
pPREY2WOL2  92
0.12 0.05 0.05 0.03 0.03 0.03 0.03 0.03 0.03 0 0.03 0.1 0 0 0 0.2 0.09 0.09 0.09 0.05 0.09 0.1 0 0 0 0 0 0 0 0 0 0 0 0 0 0 0 0 0.1 0.1 0.135 4e-04 0 0 0 0 0 0 0.15 0.03 0.03 0.05 0 0 0 0 0 0 0.1 0.004 0.004 0.03 0.1052546 0.1052546 0.1052546 0.08 0.09 0.15 0.15 0.03 0 0.03 0 0 0 0 0.05 0 0 0 0 0 0 0 0 0 0 0 0 0 0 0
pPREY1SDF1  92
0 0 0 0 0 0 0 0 0 0 0 0 0 0 0 0 0.09 0 0.1 0 0.1 0 0 0 0 0 0 0 0 0 0 0 0 0 0 0 0 0 0.03 0 0 0 0 0 0 0 0 0 0 0 0 0 0 0 0 0 0 0 0 0.05 0.05 0 0.1 0.12 0.045 0.105 0 0 1.05e-07 0.09 0.03 0.045 0.015 0 0 0 0 0.135 0 0 0 0 0 0 0 0 0 0 0 0 0 0
pPREY2SDF1  92
0 0 0 0 0 0 0 0 0 0 0 0 0 0 0 0 0.09 0 0.1 0 0 0 0 0 0 0 0 0 0 0 0 0 0 0 0 0 0 0 0.03 0 0 0 0 0 0 0 0 0 0 0 0 0 0 0 0 0 0 0 0 0 0 0 0 0 0.045 0.105 0 0 1.05e-07 0.09 0.03 0.045 0.015 0 0 0 0 0.135 0 0 0 0 0 0 0 0 0 0 0 0 0 0
pPREY1SDF2  92
0 0 0 0 0 0 0 0 0 0 0 0 0 0 0 0 0.09 0 0.1 0 0.1 0 0 0 0 0 0 0 0 0 0 0 0 0 0 0 0 0 0.03 0 0 0 0 0 0 0 0 0 0 0 0 0 0 0 0 0 0 0 0 0.05 0.05 0 0.1 0.12 0.045 0.105 0 0 1.05e-07 0.1 0.1 0.045 0.015 0 0 0 0 0.135 0 0 0 0 0 0 0 0 0 0 0 0 0 0
pPREY2SDF2  92
0 0 0 0 0 0 0 0 0 0 0 0 0 0 0 0 0.09 0 0.1 0 0 0 0 0 0 0 0 0 0 0 0 0 0 0 0 0 0 0 0.03 0 0 0 0 0 0 0 0 0 0 0 0 0 0 0 0 0 0 0 0 0 0 0 0 0 0.045 0.105 0 0 1.05e-07 0.1 0.1 0.045 0.015 0 0 0 0 0.135 0 0 0 0 0 0 0 0 0 0 0 0 0 0
pPREY1FDF1  92
0 0.12 0 0 0 0 0 0 0 0 0 0 0 0 0 0.135 0.09 0.2 0.1 0 0.09 0.09 0 0 0 0 0 0 0.15 0 0 0 0 0.15 0 0.15 0 0.15 0.15 0 0 0 0 0 0 0 0 0 0 0 0 0 0 0 0 0 0 0 0 0.03 0.005 0 0.1 0.15 0.1 0.08 0.08 0.0493747 0.0493747 0.045 0.06 0.03 0.06 0 0 0 0 0.06 0 0 0 0.075 0 0 0 0 0 0 0 0 0 0
pPREY2FDF1  92
0 0.12 0 0 0 0 0 0 0 0 0 0 0 0 0 0.135 0.09 0.2 0.1 0 0.05 0.25 0 0 0 0 0 0 0 0 0 0 0 0 0 0 0 0 0.135 0 0 0 0 0 0 0 0 0 0 0 0 0 0 0 0 0 0 0 0 0.03 0.005 0 0.1052546 0.15 0.1052546 0.08 0.09 0.0493747 0.0493747 0.045 0.06 0.03 0.06 0 0 0 0 0.06 0 0 0 0 0 0 0 0 0 0 0 0 0 0
pPREY1FDF2  92
0 0.09 0 0 0 0 0 0 0 0 0 0 0 0 0 0.135 0.09 0.09 0.09 0 0.09 0.0975 0 0 0 0 0 0 0.12 0 0 0 0 0.12 0 0.12 0 0.12 0.12 0 0 0 0 0 0 0 0 0 0 0 0 0 0 0 0 0 0 0 0 0.03 0.004 0 0.1 0.15 0.1 0.08 0.08 0.15 0.15 0.045 0.06 0.03 0.06 0 0 0 0 0.06 0 0 0 0 0 0 0 0 0 0 0 0 0 0
pPREY2FDF2  92
0 0.09 0 0 0 0 0 0 0 0 0 0 0 0 0 0.135 0.09 0.09 0.09 0 0.07 0.25 0 0 0 0 0 0 0 0 0 0 0 0 0 0 0 0 0.2 0 0 0 0 0 0 0 0 0 0 0 0 0 0 0 0 0 0 0 0 0.03 0.004 0 0.1052546 0.15 0.1052546 0.08 0.09 0.15 0.15 0.045 0.06 0.03 0.06 0 0 0 0 0.06 0 0 0 0 0 0 0 0 0 0 0 0 0 0
pPREY1HAD1  92
0.13 0.105 0 0 0.05 0.05 0.05 0.05 0.05 0 0.05 0.05 0 0 0 0.09 0 0 0 0 0.12 0.12 0 0 0 0 0 0 0 0 0 0 0 0 0 0 0 0 0.18 0.09 0 0 0 0 0 0 0 0 0 0 0 0 0 0 0 0 0 0 0 0.1 0.1 0 0 0 0.045 0.15 0 0 0 0.045 0.03 0.045 0.06 0 0 0 0.05 0.105 0 0 0 0.03 0 0 0 0 0 0 0 0 0 0
pPREY2HAD1  92
0.13 0.105 0 0 0 0 0 0 0 0 0 0 0 0 0 0.09 0 0 0 0 0.05 0.12 0 0 0 0 0 0 0 0 0 0 0 0 0 0 0 0 0.2 0.09 0 0 0 0 0 0 0 0 0 0 0 0 0 0 0 0 0 0 0 0.1 0.1 0 0 0 0.045 0.15 0 0 0 0.045 0.03 0.045 0.06 0 0 0 0.05 0.105 0 0 0 0.03 0 0 0 0 0 0 0 0 0 0
pPREY1HAD2  92
0.135 0.105 0 0 0.05 0.05 0.05 0.05 0.05 0 0.05 0.05 0 0 0 0.09 0 0 0 0 0.12 0.1125 0 0 0 0 0 0 0 0 0 0 0 0 0 0 0 0 0.15 0.09 0 0 0 0 0 0 0 0 0 0 0 0 0 0 0 0 0 0 0 0.18 0.18 0 0 0 0.045 0.15 0.1 0.1 0.1 0.045 0.03 0.045 0.06 0 0 0 0.1 0.105 0 0 0 0 0 0 0 0 0 0 0 0 0 0
pPREY2HAD2  92
0.135 0.105 0 0 0 0 0 0 0 0 0 0 0 0 0 0.09 0 0 0 0 0.09 0.1125 0 0 0 0 0 0 0 0 0 0 0 0 0 0 0 0 0.15 0.09 0 0 0 0 0 0 0 0 0 0 0 0 0 0 0 0 0 0 0 0.18 0.18 0 0 0 0.045 0.15 0 0 0 0.045 0.03 0.045 0.06 0 0 0 0.05 0.105 0 0 0 0 0 0 0 0 0 0 0 0 0 0
pPREY1YTF1  92
0 0.05 0 0 0 0 0 0 0 0 0 0 0 0 0 0 0 0 0.12 0 0 0 0 0.2 0.12 0.12 0.12 0.12 0.12 0.12 0.12 0.12 0 0.12 0.12 0.12 0.12 0.12 0.09 0 0 0 0 0 0 0 0 0 0 0 0 0 0 0 0 0 0 0 0 0 0 0 0 0 0.2 0.04 0.1185674 0.08 0.08 0.1 0.07 0.1 0.1 0 0 0 0.05 0.2 0 0 0 0.1 0 0 0 0 0 0 0 0 0 0
pPREY2YTF1  92
0 0.05 0 0 0 0 0 0 0 0 0 0 0 0 0 0 0 0 0.12 0 0 0 0 0 0 0 0 0 0 0 0 0 0 0.12 0.12 0.12 0.12 0.12 0.09 0 0 0 0 0 0 0 0 0 0 0 0 0 0 0 0 0 0 0 0 0 0 0 0 0 0.2 0.04 0.1185674 0.08 0.08 0.1 0.07 0.1 0.1 0 0 0 0.05 0.2 0 0 0 0.1 0 0 0 0 0 0 0 0 0 0
pPREY1YTF2  92
0 0.1 0 0 0 0 0 0 0 0 0 0 0 0 0 0 0 0 0.12 0 0 0 0 0.13125 0.12 0.12 0.12 0.12 0.12 0.12 0.12 0.12 0 0.12 0.12 0.12 0.12 0.12 0.09 0 0 0 0 0 0 0 0 0 0 0 0 0 0 0 0 0 0 0 0 0 0 0 0 0 0.2 0.04 0.1185674 0.1 0.1 0.1 0.07 0.1 0.1 0 0 0 0.1 0.2 0 0 0 0 0 0 0 0 0 0 0 0 0 0
pPREY2YTF2  92
0 0.05 0 0 0 0 0 0 0 0 0 0 0 0 0 0 0 0 0.12 0 0 0 0 0 0 0 0 0 0.01 0 0 0 0 0 0 0 0 0.01 0.09 0 0 0 0 0 0 0 0 0 0 0 0 0 0 0 0 0 0 0 0 0 0 0 0 0 0.2 0.04 0.1185674 0.1 0.1 0.1 0.07 0.1 0.1 0 0 0 0.05 0.2 0 0 0 0 0 0 0 0 0 0 0 0 0 0
pPREY1DOG1  92
0.23 0.1125 0.1125 0.12 0.1125 0.2625 0.1125 0.09 0.1125 0.01 0.1125 0.1125 0 0 0 0.1 0.1125 0.05 0.05 0.1125 0.1125 0.1125 0.1125 0.1125 0.12 0.2625 0.12 0.15 0.1125 0.12 0.15 0.12 0.05 0.1125 0.1875 0.12 0.225 0.1125 0.225 0.09 0.1125 0.225 0 0 0 0 0 0 0.09 0.225 0.15 0 0 0 0 0 0 0 0.09 0.075 0.0375 0.03 0.1125 0.1 0.03375 0.03375 0.1 0.1 0.1 0.0375 0.0375 0.0375 0.075 0 0 0 0.1 0.0375 0 0 0 0 0 0 0 0 0 0 0.1 0 0 0.1
pPREY2DOG1  92
0.12 0.1125 0.1125 0.12 0.1125 0.2625 0.1125 0.09 0.1125 0 0.1125 0.1125 0 0 0 0.1 0.1125 0.05 0.05 0.1125 0.1125 0.1125 0.1125 0.1125 0.12 0.2625 0.12 0.15 0.1125 0.12 0.15 0.12 0 0.1125 0.1875 0.12 0.225 0.1125 0.225 0.09 0.1125 0.225 0 0 0 0 0 0 0.09 0.225 0.15 0 0 0 0 0 0 0 0.09 0.075 0.0375 0.03 0.1125 0.1 0.03375 0.03375 0.1 0.1 0.1 0.0375 0.0375 0.0375 0.075 0 0 0 0.1 0.0375 0 0 0 0 0 0 0 0 0 0 0.1 0 0 0.1
pPREY1DOG2  92
0.1125 0.1125 0.1125 0.1125 0.1125 0.2625 0.1125 0.09 0.1125 0.05 0.1125 0.1125 0 0 0 0.15 0.1125 0 0 0.1125 0.1125 0.105 0.1125 0.1125 0.09 0.2625 0.1125 0.15 0.1125 0.09 0.15 0.1125 0.05 0.1125 0.1875 0.09 0.225 0.1125 0.225 0.2 0.1 0.225 0 0 0 0 0 0 0.09 0.225 0.15 0 0 0 0 0 0 0 0.09 0.075 0.0375 0.03 0.1125 0.1 0.03375 0.03375 0.1 0.1 0.1 0.0375 0.0375 0.0375 0.075 0 0 0 0.1 0.0375 0 0 0 0 0 0 0 0 0 0 0.1 0 0 0.1
pPREY2DOG2  92
0.1125 0.1125 0.1125 0.1125 0.1125 0.2625 0.1125 0.09 0.1125 0 0.1125 0.1125 0 0 0 0.15 0.1125 0.105 0.105 0.1125 0.1125 0.105 0.1125 0.1125 0.09 0.2625 0.1125 0.15 0.1125 0.09 0.15 0.1125 0.05 0.1125 0.1875 0.09 0.225 0.1125 0.225 0.2 0.1 0.225 0 0 0 0 0 0 0.09 0.225 0.15 0 0 0 0 0 0 0 0.09 0.075 0.0375 0.03 0.1125 0.1 0.03375 0.03375 0.1 0.1 0.1 0.0375 0.0375 0.0375 0.075 0 0 0 0.1 0.0375 0 0 0 0 0 0 0 0 0 0 0.2 0 0 0.2
pPREY1SMO1  92
0.135 0.14 0.105 0.31 0.12 0.12 0.12 0.12 0.12 0.01 0.12 0.12 0 0 0 0.105 0.15 0.05 0.05 0.135 0.0825 0.0825 0.135 0.135 0.1 0.235 0.235 0.235 0.235 0.235 0.235 0.235 0.05 0.235 0.235 0.235 0.235 0.235 0.235 0.15 0.135 0.135 0.225 0.225 0.2 0 0 0 0.10125 0.09 0.09 0 0 0 0 0 0 0 0.235 0.1 0.1 0.03375 0.01 0.07875 0.09 0.07 0.1 0.1 0.1 0.05625 0.03375 0.05 0.0225 0 0 0 0.05 0.07875 0 0 0 0 0 0 0 0 0 0 0.1 0 0 0.1
pPREY2SMO1  92
0.135 0.12 0.01 0.27 0.12 0.12 0.12 0.12 0.12 0 0.12 0.12 0 0 0 0.1 0.15 0.05 0.05 0.12 0.0825 0.0825 0.135 0.12 0.1 0.235 0.235 0.235 0.235 0.235 0.235 0.235 0 0.235 0.235 0.235 0.235 0.235 0.235 0.15 0.12 0.135 0.225 0.225 0.21 0 0 0 0.10125 0.09 0.09 0 0 0 0 0 0 0 0.235 0.07 0.07 0.03375 0.01 0.07875 0.09 0.07 0.1 0.1 0.1 0.05625 0.03375 0.05 0.0225 0 0 0 0.05 0.07875 0 0 0 0 0 0 0 0 0 0 0 0 0 0
pPREY1SMO2  92
0.1 0.105 0.05 0.15 0.1215 0.1215 0.1215 0.1215 0.1215 0.05 0.1215 0.1215 0 0 0 0.05 0.03 0 0 0.1125 0.135 0.135 0.135 0.1125 0.1 0.1 0.1 0.1 0.1 0.1 0.1 0.1 0.05 0.1 0.1 0.1 0.1 0.1 0.1 0.17 0.1 0.135 0.25 0.25 0.25 0 0 0 0.10125 0.09 0.09 0 0 0.000113 0 0 0 0 0.225 0.05 0.05 0.03375 0.01 0.07875 0.09 0.07 0.1 0.1 0.1 0.05625 0.03375 0.05 0.0225 0 0 0 0.1 0.07875 0 0 0 0 0 0 0 0 0 0 0.1 0 0 0.1
pPREY2SMO2  92
0.1 0.0825 0.05 0.15 0.1215 0.1215 0.1215 0.1215 0.1215 0 0.1215 0.1215 0 0 0 0.05 0.105 0.105 0.105 0.1125 0.09 0.09 0.135 0.1125 0.1 0.1 0.1 0.1 0.1 0.1 0.1 0.1 0 0.1 0.1 0.1 0.1 0.1 0.1 0.1 0.1 0.135 0.275 0.275 0.275 0 0 0 0.10125 0.09 0.09 0 0 0 0 0 0 0 0.225 0.05 0.05 0.03375 0.01 0.07875 0.09 0.07 0.1 0.1 0.1 0.05625 0.03375 0.05 0.0225 0 0 0 0.05 0.07875 0 0 0 0 0 0 0 0 0 0 0.1 0 0 0.1
pPREY1SSH1  92
0.135 0.05 0.135 0.135 0.12 0.12 0.12 0.12 0.12 0.01 0.12 0.12 0 0 0 0.105 0.15 0.05 0.05 0.09 0.0825 0.0825 0 0.09 0.1 0.235 0.235 0.235 0.235 0.235 0.235 0.235 0.05 0.235 0.235 0.235 0.235 0.235 0.235 0.15 0.135 0.05 0.225 0.225 0.2 0 0 0 0.10125 0.09 0.09 0.05 0 0.000113 0 0 0 0 0.235 0.1 0.1 0.01125 0.01 0.0225 0.01 0.07 0.1 0.1 0.1 0 0 0.05 0 0 0 0 0 0 0 0 0 0 0 0 0 0 0 0 0.1 0 0 0.1
pPREY2SSH1  92
0.135 0.05 0.135 0.135 0.12 0.12 0.12 0.12 0.12 0 0.12 0.12 0 0 0 0.1 0.15 0.05 0.05 0.15 0.0825 0.0825 0 0.1 0.1 0.235 0.235 0.235 0.235 0.235 0.235 0.235 0.05 0.235 0.235 0.235 0.235 0.235 0.235 0.15 0.12 0.03 0.225 0.225 0.21 0 0 0 0.10125 0.09 0.09 0.05 0 0.001 0 0 0 0 0.235 0.07 0.07 0.01125 0.01 0.0225 0.01 0.07 0.1 0.1 0.1 0 0 0.05 0 0 0 0 0 0 0 0 0 0 0 0 0 0 0 0 0 0 0 0
pPREY1SSH2  92
0.1 0.05 0.135 0.15 0.1215 0.1215 0.1215 0.1215 0.1215 0.05 0.1215 0.1215 0 0 0 0.05 0.105 0 0 0.1 0.135 0.135 0 0.1 0.1 0.1 0.1 0.1 0.1 0.1 0.1 0.1 0.1 0.1 0.1 0.1 0.1 0.1 0.1 0.17 0.1 0.04 0.25 0.25 0.25 0 0 0 0.10125 0.09 0.09 0.05 0 0.000113 0 0 0 0 0.225 0.05 0.05 0.01125 0.01 0.0225 0.01 0.07 0.1 0.1 0.1 0 0 0.05 0 0 0 0 0 0 0 0 0 0 0 0 0 0 0 0 0.1 0 0 0.1
pPREY2SSH2  92
0.1 0.0825 0.135 0.15 0.1215 0.1215 0.1215 0.1215 0.1215 0 0.1215 0.1215 0 0 0 0.05 0.105 0.105 0.105 0.15 0.09 0.09 0 0.09 0.1 0.1 0.1 0.1 0.1 0.1 0.1 0.1 0.1 0.1 0.1 0.1 0.1 0.1 0.1 0.1 0.1 0.04 0.275 0.275 0.275 0 0 0 0.10125 0.09 0.09 0.05 0 0.000113 0 0 0 0 0.225 0.05 0.05 0.01125 0.01 0.0225 0.01 0.07 0.1 0.1 0.1 0 0 0.05 0 0 0 0 0 0 0 0 0 0 0 0 0 0 0 0 0.2 0 0 0.2
pPREY1DSH1  92
0.135 0.14 0.105 0.15 0.12 0.12 0.12 0.12 0.12 0.01 0.12 0.12 0 0 0 0.105 0.15 0.05 0.05 0.1 0.0825 0.0825 0 0.1 0.1 0.235 0.235 0.235 0.235 0.235 0.235 0.235 0.05 0.235 0.235 0.235 0.235 0.235 0.235 0.15 0.135 0.05 0.225 0.225 0.2 0 0 0 0.10125 0.09 0.09 0 0 0 0 0 0 0 0.235 0.1 0.1 1e-04 0.01 0.01 0.0225 0.07 0.1 0.1 0.1 0.05625 0.01125 0.05 0.07875 0 0 0 0 0 0 0 0 0 0 0 0 0 0 0 0.1 0 0 0.1
pPREY2DSH1  92
0.135 0.12 0.01 0.15 0.12 0.12 0.12 0.12 0.12 0 0.12 0.12 0 0 0 0.1 0.15 0.05 0.05 0.12 0.0825 0.0825 0 0.12 0.1 0.235 0.235 0.235 0.235 0.235 0.235 0.235 0.05 0.235 0.235 0.235 0.235 0.235 0.235 0.15 0.12 0.03 0.225 0.225 0.21 0 0 0 0.10125 0.09 0.09 0 0 0 0 0 0 0 0.235 0.07 0.07 1e-04 0.01 0.01 0.0225 0.07 0.1 0.1 0.1 0.05625 0.01125 0.05 0.07875 0 0 0 0 0 0 0 0 0 0 0 0 0 0 0 0 0 0 0
pPREY1DSH2  92
0.1 0.105 0.05 0.15 0.1215 0.1215 0.1215 0.1215 0.1215 0.05 0.1215 0.1215 0 0 0 0.05 0.15 0 0 0.1125 0.135 0.135 0 0.1125 0.1 0.1 0.1 0.1 0.1 0.1 0.1 0.1 0.1 0.1 0.1 0.1 0.1 0.1 0.1 0.17 0.1 0.04 0.25 0.25 0.25 0 0 0 0.10125 0.09 0.09 0 0 0.000113 0 0 0 0 0.225 0.05 0.05 1e-04 0.01 0.01 0.0225 0.07 0.1 0.1 0.1 0.05625 0.01125 0.05 0.07875 0 0 0 0 0 0 0 0 0 0 0 0 0 0 0 0.1 0 0 0.1
pPREY2DSH2  92
0.1 0.0825 0.05 0.15 0.1215 0.1215 0.1215 0.1215 0.1215 0 0.1215 0.1215 0 0 0 0.05 0.105 0.105 0.105 0.1125 0.09 0.09 0 0.1125 0.1 0.1 0.1 0.1 0.1 0.1 0.1 0.1 0.1 0.1 0.1 0.1 0.1 0.1 0.1 0.1 0.1 0.04 0.275 0.275 0.275 0 0 0 0.10125 0.09 0.09 0 0 0 0 0 0 0 0.225 0.05 0.05 1e-04 0.01 0.01 0.0225 0.07 0.1 0.1 0.1 0.05625 0.01125 0.05 0.07875 0 0 0 0 0 0 0 0 0 0 0 0 0 0 0 0.2 0 0 0.2
pPREY1BLS1  92
0.1125 0.05 0 0.135 0 0 0 0 0 0 0 0 0.1 0.1 0 0.1125 0.15 0 0 0 0.09 0.09 0.01 0.05 0.05 0.05 0.05 0 0.05 0.05 0 0 0.05 0 0.05 0 0 0 0 0.05 0 0.135 0.135 0 0.05 0.05 0 0 0 0 0 0.05 0.05 0.000113 0 0 0 0 0 0.09 0.09 0 0 0 0 0 0 0 0 0 0 0.0675 0 0 0 0 0 0 0 0 0 0 0 0 0 0 0 0 0.115 0 0 0.115
pPREY2BLS1  92
0.1125 0.1125 0 0.135 0 0 0 0 0 0 0 0 0.1 0.1 0 0.1125 0.105 0 0 0 0.09 0.09 0.01 0.05 0.05 0.05 0.05 0 0.05 0.05 0 0 0.05 0 0.05 0 0 0 0 0.05 0 0.135 0.135 0 0.05 0.05 0 0 0 0 0 0.05 0.05 9e-04 0 0 0 0.05 0 0.09 0.09 0 0 0 0 0 0 0 0 0 0 0.0675 0 0 0 0 0 0 0 0 0 0 0 0 0 0 0 0 0.1125 0 0 0.1125
pPREY1BLS2  92
0.1125 0.1 0 0.135 0 0 0 0 0 0 0 0 0.1 0.1 0.1 0.135 0.15 0 0 0 0.09 0.09 0.01 0.05 0.05 0.05 0.05 0 0.05 0.05 0 0 0.05 0 0.05 0 0 0 0 0.05 0 0.135 0.135 0 0.05 0.05 0 0 0 0 0 0.05 0.05 0.000113 0.05 0.05 0 0 0 0.1 0.1 0 0 0 0 0 0 0 0 0 0 0.0675 0 0 0 0 0 0 0 0 0 0 0 0 0 0 0 0 0.115 0 0 0.115
pPREY2BLS2  92
0.1125 0.1 0 0.135 0 0 0 0 0 0 0 0 0.1 0.1 0 0.105 0.105 0 0 0 0.09 0.09 0.01 0.05 0.05 0.05 0.05 0 0.05 0.05 0 0 0.05 0 0.05 0 0 0 0 0.05 0 0.135 0.135 0 0.05 0.05 0 0 0 0 0 0.05 0.05 9e-04 0 0 0 0 0 0.1 0.1 0 0 0 0 0 0 0 0 0 0 0.0675 0 0 0 0 0 0 0 0 0 0 0 0 0 0 0 0 0.1125 0 0 0.1125
pPREY1POR1  92
0.1125 0.01 0 0.135 0.135 0.135 0.135 0.135 0.135 0 0.135 0.135 0.1 0.1 0.05 0.1125 0.15 0.05 0.05 0.125 0.09 0.09 0.135 0.125 0 0 0 0 0 0 0 0 0.1 0 0 0 0 0 0 0.1125 0 0.135 0.135 0 0.135 0.135 0.135 0 0.10125 0.10125 0.10125 0.05 0.05 0.000113 0 0 0.05 0 0 0.09 0.09 0 0 0 0 0 0 0 0 0 0 0.0675 0 0 0 0 0 0 0 0 0 0 0 0 0 0 0 0 0.115 0 0 0
pPREY2POR1  92
0.1125 0.05 0 0.135 0.135 0.135 0.135 0.135 0.135 0 0.135 0.135 0.1 0.1 0 0.1125 0.105 0.05 0.05 0.125 0.09 0.09 0.135 0.125 0 0 0 0 0 0 0 0 0.1 0 0 0 0 0 0 0.1125 0 0.135 0.135 0 0.135 0.135 0.135 0 0.10125 0.10125 0.10125 0.05 0 9e-04 0 0 0.05 0 0 0.09 0.09 0 0 0 0 0 0 0 0 0 0 0.0675 0 0 0 0 0 0 0 0 0 0 0 0 0 0 0 0 0.1125 0 0 0
pPREY1POR2  92
0.1125 0.005 0 0.135 0.135 0.135 0.135 0.135 0.135 0 0.135 0.135 0.1 0.1 0.05 0.135 0.15 0 0 0.15 0.09 0.09 0.135 0.15 0 0 0 0 0 0 0 0 0.1 0 0 0 0 0 0 0.25 0 0.135 0.135 0 0.135 0.135 0.135 0 0.10125 0.10125 0.10125 0.05 0.05 0.000113 0.05 0.05 0.05 0 0 0.1 0.1 0 0 0 0 0 0 0 0 0 0 0.0675 0 0 0 0 0 0 0 0 0 0 0 0 0 0 0 0 0.115 0 0 0
pPREY2POR2  92
0.1125 0.1 0 0.135 0.135 0.135 0.135 0.135 0.135 0 0.135 0.135 0.09 0.1 0 0.105 0.105 0.105 0.105 0.15 0.09 0.09 0.12 0.15 0 0 0 0 0 0 0 0 0.1 0 0 0 0 0 0 0.25 0 0.135 0.135 0 0.135 0.135 0.135 0 0.10125 0.10125 0.10125 0.05 0.05 9e-04 0 0 0.05 0 0 0.1 0.1 0 0 0 0 0 0 0 0 0 0 0.0675 0 0 0 0 0 0 0 0 0 0 0 0 0 0 0 0 0.1125 0 0 0
pPREY1PSH1  92
0.11 0.01 0.05 0.1125 0 0 0 0 0 0.05 0 0 0.15 0.1 0.1 0.1 0.15 0.05 0 0.125 0.09 0.09 0.121875 0.125 0 0 0 0 0.05 0.05 0 0 0.05 0.135 0.05 0.05 0 0.05 0.135 0.1 0 0.12 0.12 0.12 0.12 0.135 0.135 0.135 0.10125 0.25 0.25 0.05 0.1 0.000113 0 0 0.05 0 0 0.08 0.08 0 0 0 0 0.03375 0 0 0.1125 0 0 0.058 0 0 0 0 0 0 0 0 0 0 0 0 0 0 0 0 0.115 0 0 0
pPREY2PSH1  92
0.135 0.05 0 0.1125 0 0 0 0 0 0.01 0 0 0.1 0.1 0.1 0.1 0.105 0.05 0 0.125 0.09 0.09 0.121875 0.125 0 0 0 0 0 0 0 0 0.05 0.135 0 0 0 0 0.135 0.1 0 0.12 0.12 0.12 0.12 0.135 0.135 0.135 0.10125 0.25 0.25 0.05 0.1 9e-04 0 0 0.05 0 0 0.08 0.08 0 0 0 0 0.03375 0 0 0.1125 0 0 0.09 0 0 0 0 0 0 0 0 0 0 0 0 0 0 0 0 0.1125 0 0 0
pPREY1PSH2  92
0.12 0.005 0.05 0.09 0 0 0 0 0 0.05 0 0 0.15 0.1 0.1 0.135 0.15 0 0 0.15 0.12 0.12 0.23 0.15 0 0 0 0 0.05 0.05 0 0 0.05 0.135 0.05 0.05 0 0.05 0.135 0.25 0 0.05 0.05 0.05 0.05 0.135 0.135 0.135 0.10125 0.1 0.1 0.05 0.1 0.000113 0.05 0.05 0.05 0 0 0.1 0.1 0 0 0 0 0.03375 0 0 0.1125 0 0 0.058 0 0 0 0 0 0 0 0 0 0 0 0 0 0 0 0 0.115 0 0 0
pPREY2PSH2  92
0.12 0.1 0.05 0.09 0 0 0 0 0 0.05 0 0 0.09 0.09 0.05 0.105 0.105 0.105 0 0.15 0.05 0.05 0.12 0.15 0 0 0 0 0.05 0.05 0 0 0.05 0.135 0.05 0.05 0 0.05 0.135 0.25 0 0.2 0.2 0.2 0.2 0.135 0.135 0.135 0.10125 0.2 0.2 0.05 0.1 9e-04 0 0 0.05 0 0 0.1 0.1 0 0 0 0 0.03375 0 0 0.1125 0 0 0.09 0 0 0 0 0 0 0 0 0 0 0 0 0 0 0 0 0.1125 0 0 0
pPREY1WSK1  92
0.12 0.1 0 0 0.12 0.12 0.12 0.12 0.12 0 0.12 0.12 0 0 0 0.1 0.09 0.081 0.1 0 0.1275 0.1275 0.01 0.08025 0.05 0.05 0.05 0.05 0.05 0.05 0.05 0.05 0 0.05 0.05 0.05 0.05 0.081 0.05 0.18 0.05 0 0 0 0 0 0 0 0.3 0.0765 0.0765 0 0 0 0 0 0 0 0.1 0.18 0.07 0.1 0.1 0.1 0.036 0.12 0.1666359 0.18 0.18 0.12 0.18 0.18 0.03 0 0 0 0.05 0.042 0 0 0 0 0 0 0 0 0 0 0 0 0 0
pPREY2WSK1  92
0.25 0.1 0 0 0 0 0 0 0 0 0 0 0 0 0 0.1 0.09 0.081 0.1 0 0.1275 0.1275 0.04 0.10125 0.1 0.15 0.09 0.15 0.126 0.15 0.15 0.24 0 0.15 0.15 0.15 0.15 0.081 0.15 0.18 0.05 0 0 0 0 0 0 0 0.3 0.0765 0.0765 0 0 0 0 0 0 0 0.1 0.18 0.07 0.1 0.1 0.1 0.036 0.12 0.1666359 0.18 0.18 0.12 0.18 0.18 0.03 0 0 0 0.05 0.042 0 0 0 0 0 0 0 0 0 0 0 0 0 0
pPREY1WSK2  92
0.24 0.09 0 0 0.09 0.09 0.09 0.09 0.09 0 0.09 0.09 0 0 0 0.12 0.15 0.15 0.15 0 0.1425 0.1425 0.135 0.103125 0.05 0.05 0.09 0.12 0.126 0.05 0.05 0.24 0 0.09 0.05 0.05 0.12 0.081 0.12 0.09 0.135 0 0 0 0 0 0 0 0.3 0.03 0.24 0 0 0 0 0 0 0 0.1 0.18 0.1 0.1 0.1 0.1 0.036 0.12 0.1666359 0.2 0.2 0.12 0.18 0.18 0.03 0 0 0 0.1 0.042 0 0 0 0 0 0 0 0 0 0 0 0 0 0
pPREY2WSK2  92
0.24 0.09 0 0 0.105 0.105 0.105 0.105 0.105 0 0.105 0.105 0 0 0 0.12 0.15 0.15 0.15 0 0.15 0.15 0.09 0.11175 0.05 0.05 0.09 0.12 0.126 0.05 0.05 0.24 0 0.09 0.05 0.05 0.12 0.081 0.12 0.05 0.135 0 0 0 0 0 0 0 0.3 0.03 0.24 0 0 0 0 0 0 0 0.1 0.18 0.1 0.1 0.1 0.1 0.036 0.12 0.1666359 0.2 0.2 0.12 0.18 0.18 0.03 0 0 0 0.05 0.042 0 0 0 0 0 0 0 0 0 0 0.2 0 0 0.2
pPREY1LSK1  92
0.12 0.1 0 0 0.12 0.12 0.12 0.12 0.12 0 0.12 0.12 0 0 0 0.1 0.09 0.09 0.1 0 0.1275 0.1275 0.01 0.08025 0.05 0.05 0.05 0.05 0.05 0.05 0.05 0.05 0 0.05 0.05 0.05 0.05 0.05 0.05 0.1 0.05 0 0 0 0 0 0 0 0.05 0.0765 0.0765 0 0 0 0 0 0 0 0.1 0.03 0.07 0.1 0.1 0.054 0.03 0.06 0.1666359 0.18 0.18 0.036 0.06 0.0812014 0.06 0 0 0 0.05 0.06 0 0 0 0 0 0 0 0 0 0 0 0 0 0.2
pPREY2LSK1  92
0.05 0.1 0 0 0 0 0 0 0 0 0 0 0 0 0 0.1 0.09 0.09 0.1 0 0.1275 0.1275 0.04 0.10125 0.05 0.05 0.12 0.144 0.144 0.05 0.05 0.18 0 0.05 0.05 0.05 0.05 0.12 0.09 0.09 0.135 0 0 0 0 0 0 0 0.05 0.0765 0.0765 0 0 0 0 0 0 0 0.1 0.03 0.07 0.1 0.1 0.054 0.03 0.06 0.1666359 0.18 0.18 0.036 0.06 0.0812014 0.06 0 0 0 0.05 0.06 0 0 0 0 0 0 0 0 0 0 0 0 0 0.2
pPREY1LSK2  92
0.05 0.09 0 0 0.09 0.09 0.09 0.09 0.09 0 0.09 0.09 0 0 0 0.12 0.15 0.15 0.15 0 0.1425 0.1425 0.135 0.103125 0.1 0.15 0.15 0.144 0.144 0.15 0.15 0.18 0 0.15 0.15 0.15 0.15 0.15 0.15 0.1 0.05 0 0 0 0 0 0 0 0.05 0.03 0.09 0 0 0 0 0 0 0 0.1 0.03 0.1 0.1 0.1 0.054 0.03 0.06 0.1666359 0.2 0.2 0.036 0.06 0.0812014 0.06 0 0 0 0.1 0.06 0 0 0 0 0 0 0 0 0 0 0 0 0 0.2
pPREY2LSK2  92
0.12 0.09 0 0 0.105 0.105 0.105 0.105 0.105 0 0.105 0.105 0 0 0 0.12 0.15 0.15 0.15 0 0.15 0.15 0.09 0.11175 0.05 0.05 0.12 0.144 0.144 0.05 0.05 0.18 0 0.05 0.05 0.05 0.05 0.12 0.09 0.05 0.135 0 0 0 0 0 0 0 0.05 0.03 0.09 0 0 0 0 0 0 0 0.1 0.03 0.1 0.1 0.1 0.054 0.03 0.06 0.1666359 0.2 0.2 0.036 0.06 0.0812014 0.06 0 0 0 0.05 0.06 0 0 0 0 0 0 0 0 0 0 0.2 0 0 0.2
pPREY1SK1  92
0.12 0.1 0 0 0.12 0.12 0.12 0.12 0.12 0 0.12 0.12 0 0 0 0.1 0.09 0.12 0.1 0 0.1275 0.1275 0.09 0.08025 0.05 0.05 0.05 0.05 0.05 0.05 0.05 0.05 0 0.05 0.05 0.05 0.05 0.05 0.05 0.12 0.05 0 0 0 0 0 0 0 0.3 0.0765 0.0765 0 0 0 0 0 0 0 0.1 0.054 0.12 0.06 0.1 0.1 0.1 0.12 0.1666359 0.18 0.18 0.12 0.24 0.0812014 0.1 0 0 0 0 0.06 0 0 0 0 0 0 0 0 0 0 0 0 0 0
pPREY2SK1  92
0.25 0.1 0 0 0 0 0 0 0 0 0 0 0 0 0 0.1 0.09 0.12 0.1 0 0.1275 0.1275 0.09 0.10125 0.1 0.15 0.18 0.15 0.144 0.15 0.15 0.09 0 0.15 0.15 0.15 0.15 0.18 0.09 0.12 0.05 0 0 0 0 0 0 0 0.3 0.0765 0.0765 0 0 0 0 0 0 0 0.1 0.054 0.12 0.06 0.1 0.1 0.1 0.12 0.1666359 0.18 0.18 0.12 0.24 0.0812014 0.1 0 0 0 0 0.06 0 0 0 0 0 0 0 0 0 0 0 0 0 0
pPREY1SK2  92
0.24 0.09 0 0 0.09 0.09 0.09 0.09 0.09 0 0.09 0.09 0 0 0 0.12 0.15 0.15 0.15 0 0.1425 0.1425 0.09 0.103125 0.09 0.05 0.18 0.09 0.144 0.05 0.12 0.09 0 0.12 0.05 0.05 0.09 0.18 0.09 0.09 0.135 0 0 0 0 0 0 0 0.3 0.03 0.126 0 0 0 0 0 0 0 0.1 0.054 0.12 0.06 0.1 0.1 0.1 0.12 0.1666359 0.2 0.2 0.12 0.24 0.0812014 0.05 0 0 0 0 0.06 0 0 0 0 0 0 0 0 0 0 0 0 0 0
pPREY2SK2  92
0.24 0.09 0 0 0.105 0.105 0.105 0.105 0.105 0 0.105 0.105 0 0 0 0.12 0.15 0.15 0.15 0 0.15 0.15 0.09 0.11175 0.09 0.05 0.18 0.09 0.144 0.05 0.12 0.09 0 0.12 0.05 0.05 0.09 0.18 0.09 0.05 0.135 0 0 0 0 0 0 0 0.3 0.03 0.126 0 0 0 0 0 0 0 0.1 0.054 0.12 0.06 0.1 0.1 0.1 0.12 0.1666359 0.2 0.2 0.12 0.24 0.0812014 0.05 0 0 0 0 0.06 0 0 0 0 0 0 0 0 0 0 0.2 0 0 0.2
pPREY1SB1  92
0.23 0.1 0.05 0.05 0 0 0 0 0 0 0 0.05 0 0 0 0 0.1 0.1 0.1 0 0.15 0.15 0.05 0.05 0.05 0.05 0.05 0.05 0.05 0.05 0.05 0.05 0.05 0.05 0.05 0.05 0.05 0.05 0.05 0.05 0.05 0 0 0 0 0 0 0 0 0 0 0 0 0 0 0 0 0 0.08625 0.05625 0.05625 0 0 0 0 0 0.0575 0.0575 0.0575 0.15 0.15 0.1 0 0 0 0 0 0.05625 0 0 0 0 0 0 0 0 0 0 0.23 0 0 0
pPREY2SB1  92
0.23 0.1 0.05 0.05 0 0 0 0 0 0 0 0.05 0 0 0 0 0.1 0.1 0.1 0 0.15 0.15 0.05 0.05 0.05 0.05 0.05 0.05 0.05 0.05 0.05 0.05 0.05 0.05 0.05 0.05 0.05 0.05 0.05 0.05 0.05 0 0 0 0 0 0 0 0 0 0 0 0 0 0 0 0 0 0.08625 0.05625 0.05625 0 0 0 0 0 0.0575 0.0575 0.0575 0.15 0.15 0.1 0 0 0 0 0 0.05625 0 0 0 0 0 0 0 0 0 0 0.23 0 0 0
pPREY1SB2  92
0.15 0.1 0.05 0.05 0 0 0 0 0 0 0 0.05 0 0 0 0 0.15 0.15 0.15 0 0.15 0.15 0.05 0.05 0.05 0.05 0.05 0.05 0.05 0.05 0.05 0.05 0.05 0.05 0.05 0.05 0.05 0.05 0.05 0.05 0.05 0 0 0 0 0 0 0 0 0 0 0 0 0 0 0 0 0 0.08625 0.05625 0.05625 0 0 0 0 0 0.0575 0.0575 0.0575 0.15 0.15 0.1 0 0 0 0 0 0.05625 0 0 0 0 0 0 0 0 0 0 0.23 0 0 0
pPREY2SB2  92
0.15 0.1 0.05 0.05 0 0 0 0 0 0 0 0.05 0 0 0 0 0.15 0.15 0.15 0 0.15 0.15 0.05 0.05 0.05 0.05 0.05 0.05 0.05 0.05 0.05 0.05 0.05 0.05 0.05 0.05 0.05 0.05 0.05 0.05 0.05 0 0 0 0 0 0 0 0 0 0 0 0 0 0 0 0 0 0.08625 0.05625 0.05625 0 0 0 0 0 0.0575 0.0575 0.0575 0.15 0.15 0.1 0 0 0 0 0 0.05625 0 0 0 0 0 0 0 0 0 0 0.23 0 0 0
pPREY1PIN1  92
0.10125 0.1 0.1 0.1 0.10125 0.10125 0.10125 0.10125 0.10125 0 0.10125 0.10125 0 0 0 0.10125 0.125 0.10125 0.10125 0.10125 0.125 0.125 0.10125 0.10125 0.10125 0.10125 0.10125 0.10125 0.10125 0 0.10125 0.10125 0.05 0.10125 0.10125 0.10125 0.10125 0.10125 0.10125 0.10125 0.10125 0.10125 0 0 0 0 0 0 0 0 0 0 0 0 0 0 0 0 0 0.015 0.015 0.0675 0.0675 0.0675 0.01125 0.01125 0.0675 0.0675 0.125 0.015 0.015 0 0 0 0 0 0.125 0 0 0 0 0 0 0 0 0 0 0 0.0675 0 0 0.0575
pPREY2PIN1  92
0.10125 0.1 0.1 0.1 0.10125 0.10125 0.10125 0.10125 0.10125 0 0.10125 0.10125 0 0 0 0.10125 0.125 0.10125 0.10125 0.10125 0.125 0.125 0.10125 0.10125 0.10125 0.10125 0.10125 0.10125 0.10125 0 0.10125 0.10125 0.05 0.10125 0.10125 0.10125 0.10125 0.10125 0.10125 0.10125 0.10125 0.10125 0 0 0 0 0 0 0 0 0 0 0 0 0 0 0 0 0 0.015 0.015 0.0675 0.0675 0.0675 0.01125 0.01125 0.0675 0.0675 0.125 0.015 0.0675 0 0 0 0 0 0.125 0 0 0 0 0 0 0 0 0 0 0 0.0675 0 0 0.0575
pPREY1PIN2  92
0.10125 0.1 0.1 0.1 0.10125 0.10125 0.10125 0.10125 0.10125 0 0.10125 0.10125 0 0 0 0.10125 0.1125 0.10125 0.10125 0.10125 0.1125 0.1125 0.10125 0.10125 0.10125 0.10125 0.10125 0.10125 0.10125 0 0.10125 0.10125 0.05 0.10125 0.10125 0.10125 0.10125 0.10125 0.10125 0.10125 0.10125 0.10125 0 0 0 0 0 0 0 0 0 0 0 0 0 0 0 0 0 0.015 0.015 0.0675 0.0675 0.0675 0.01125 0.01125 0.0675 0.0675 0.1125 0.015 0.015 0 0 0 0 0 0.1125 0 0 0 0 0 0 0 0 0 0 0 0.0675 0 0 0.0575
pPREY2PIN2  92
0.10125 0.1 0.1 0.1 0.10125 0.10125 0.10125 0.10125 0.10125 0 0.10125 0.10125 0 0 0 0.10125 0.1125 0.10125 0.10125 0.10125 0.1125 0.1125 0.10125 0.10125 0.10125 0.10125 0.10125 0.10125 0.10125 0 0.10125 0.10125 0.05 0.10125 0.10125 0.10125 0.10125 0.10125 0.10125 0.10125 0.10125 0.10125 0 0 0 0 0 0 0 0 0 0 0 0 0 0 0 0 0 0.015 0.015 0.0675 0.0675 0.0675 0.01125 0.01125 0.0675 0.0675 0.1125 0.015 0.015 0 0 0 0 0 0.1125 0 0 0 0 0 0 0 0 0 0 0 0.0675 0 0 0.0575
pPREY1REP1  92
0 0.1 0 0 0 0 0 0 0 0 0 0 0 0 0 0 0.05 0 0.1 0 0.1 0 0 0 0 0 0 0 0 0 0 0 0 0 0 0 0 0 0 0 0 0 0 0 0 0 0 0 0 0 0 0 0 0 0 0 0 0 0.10125 0.05 0.05 0 0.0675 0.0675 0.0675 0.1125 0.1 0.05 0.2 0.2 0.2 0.05625 0 0.2 0 0.2 0 0.15 0 0 0 0 0 0 0 0 0 0 0.23 0 0 0.23
pPREY2REP1  92
0 0.1 0 0 0 0 0 0 0 0 0 0 0 0 0 0 0.05 0 0.1 0 0.1 0 0 0 0 0 0 0 0 0 0 0 0 0 0 0 0 0 0 0 0 0 0 0 0 0 0 0 0 0 0 0 0 0 0 0 0 0 0.10125 0.05 0.05 0 0.0675 0.0675 0.0675 0.1125 0.1 0.05 0.2 0.2 0.2 0.05625 0 0.2 0 0.2 0 0.15 0 0 0 0 0 0 0 0 0 0 0.23 0 0 0.23
pPREY1REP2  92
0 0.1 0 0 0 0 0 0 0 0 0 0 0 0 0 0 0.05 0 0.1 0 0.1 0 0 0 0 0 0 0 0 0 0 0 0 0 0 0 0 0 0 0 0 0 0 0 0 0 0 0 0 0 0 0 0 0 0 0 0 0 0.10125 0.05 0.05 0 0.0675 0.0675 0.0675 0.1125 0.1 0.05 0.2 0.2 0.2 0.05625 0 0.2 0 0.2 0 0.15 0 0 0 0 0 0 0 0 0 0 0.23 0 0 0.23
pPREY2REP2  92
0 0.1 0 0 0 0 0 0 0 0 0 0 0 0 0 0 0.05 0 0.1 0 0.1 0 0 0 0 0 0 0 0 0 0 0 0 0 0 0 0 0 0 0 0 0 0 0 0 0 0 0 0 0 0 0 0 0 0 0 0 0 0.10125 0.05 0.05 0 0.0675 0.0675 0.0675 0.1125 0.1 0.05 0.2 0.2 0.2 0.05625 0 0.2 0 0.2 0 0.15 0 0 0 0 0 0 0 0 0 0 0.23 0 0 0.23
pPREY1RWH1  92
0 0 0 0 0 0 0 0 0 0 0 0 0 0 0 0 0 0 0 0 0 0 0 0 0 0 0 0 0 0 0 0 0 0 0 0 0 0 0 0 0 0 0 0 0 0 0 0 0 0 0 0 0 0 0 0 0 0 0 0 0 0 0 0 0 0 0 0 0 0.1 0.1 0.12 0 0 0 0 0 0 0 0 0 0.1 0 0 0 0 0.05 0 0 0 0 0
pPREY2RWH1  92
0 0 0 0 0 0 0 0 0 0 0 0 0 0 0 0 0 0 0 0 0 0 0 0 0 0 0 0 0 0 0 0 0 0 0 0 0 0 0 0 0 0 0 0 0 0 0 0 0 0 0 0 0 0 0 0 0 0 0 0 0 0 0 0 0 0 0 0 0 0.1 0.1 0.12 0 0 0 0 0 0 0 0 0 0.1 0 0 0 0 0.05 0 0 0 0 0
pPREY1RWH2  92
0 0 0 0 0 0 0 0 0 0 0 0 0 0 0 0 0 0 0 0 0 0 0 0 0 0 0 0 0 0 0 0 0 0 0 0 0 0 0 0 0 0 0 0 0 0 0 0 0 0 0 0 0 0 0 0 0 0 0 0 0 0 0 0 0 0 0 0 0 0.1 0.1 0.12 0 0 0 0 0 0 0 0 0 0.1 0 0 0 0 0.05 0 0 0 0 0
pPREY2RWH2  92
0 0 0 0 0 0 0 0 0 0 0 0 0 0 0 0 0 0 0 0 0 0 0 0 0 0 0 0 0 0 0 0 0 0 0 0 0 0 0 0 0 0 0 0 0 0 0 0 0 0 0 0 0 0 0 0 0 0 0 0 0 0 0 0 0 0 0 0 0 0.1 0.1 0.12 0 0 0 0 0 0 0 0 0 0.1 0 0 0 0 0.05 0 0 0 0 0
pPREY1BWH1  92
0 0.135 0 0 0 0 0 0 0 0 0 0 0 0 0 0.05 0.05 0.05 0.05 0 0.05 0 0 0 0 0 0 0 0 0 0 0 0 0 0 0 0 0 0 0 0 0 0 0 0 0 0 0 0 0 0 0 0 0 0 0 0 0 0 0.06 0.06 0 0 0 0 0 0 0 0 0.27 0.27 0.12 0 0 0 0 0 0 0 0 0 0 0 0 0 0 0 0 0 0 0 0
pPREY2BWH1  92
0 0.135 0 0 0 0 0 0 0 0 0 0 0 0 0 0.05 0.05 0.05 0.05 0 0.05 0 0 0 0 0 0 0 0 0 0 0 0 0 0 0 0 0 0 0 0 0 0 0 0 0 0 0 0 0 0 0 0 0 0 0 0 0 0 0.06 0.06 0 0 0 0 0 0 0 0 0.27 0.27 0.12 0 0 0 0 0 0 0 0 0 0 0 0 0 0 0 0 0 0 0 0
pPREY1BWH2  92
0 0.135 0 0 0 0 0 0 0 0 0 0 0 0 0 0.05 0.05 0.05 0.05 0 0.05 0 0 0 0 0 0 0 0 0 0 0 0 0 0 0 0 0 0 0 0 0 0 0 0 0 0 0 0 0 0 0 0 0 0 0 0 0 0 0.06 0.06 0 0 0 0 0 0 0 0 0.27 0.27 0.12 0 0 0 0 0 0 0 0 0 0 0 0 0 0 0 0 0 0 0 0
pPREY2BWH2  92
0 0.135 0 0 0 0 0 0 0 0 0 0 0 0 0 0.05 0.05 0.05 0.05 0 0.05 0 0 0 0 0 0 0 0 0 0 0 0 0 0 0 0 0 0 0 0 0 0 0 0 0 0 0 0 0 0 0 0 0 0 0 0 0 0 0.06 0.06 0 0 0 0 0 0 0 0 0.27 0.27 0.12 0 0 0 0 0 0 0 0 0 0 0 0 0 0 0 0 0 0 0 0
pPREY1SWH1  92
0.10125 0.10125 0.045 0.225 0.1125 0.1125 0.1125 0.1125 0.1125 0.1125 0.1125 0.1125 0.1 0.1125 0.1125 0.1125 0.225 0.225 0.1125 0 0.1 0.225 0.225 0.225 0.1125 0.1125 0.1125 0.1125 0.1125 0.1125 0.1125 0.1125 0.05 0.1125 0.1125 0.1125 0.1125 0.1125 0.1125 0 0 0 0.225 0.225 0.225 0.045 0.045 0.045 0.225 0.225 0.225 0 5.63e-06 0 0.225 0.225 0 0 0.1125 0.03375 0.03375 0 0 0 0 0 0.1 0.1125 0.1125 0 0 0 0 0 0 0 0 0 0 0 0 0 0 0 0 0 0 0 0.115 0 0 0.0575
pPREY2SWH1  92
0.10125 0.10125 0.045 0.225 0.1125 0.1125 0.1125 0.1125 0.1125 0.1125 0.1125 0.1125 0.1 0.1125 0.1125 0.1125 0.275 0.275 0.1125 0 0.1 0.275 0.225 0.275 0.1125 0.1125 0.1125 0.1125 0.1125 0.1125 0.1125 0.1125 0.05 0.1125 0.1125 0.1125 0.1125 0.1125 0.1125 0 0 0 0.225 0.225 0.225 0.045 0.045 0.045 0.225 0.225 0.225 0 5.63e-06 0 0.225 0.225 0 0 0.1125 0.03375 0.03375 0 0 0 0 0 0.1 0.1125 0.1125 0 0 0 0 0 0 0 0 0 0 0 0 0 0 0 0 0 0 0 0.115 0 0 0.0575
pPREY1SWH2  92
0.09 0.10125 0.05 0.225 0.1125 0.1125 0.1125 0.1125 0.1125 0.1125 0.1125 0.1125 0.1 0.1125 0.1125 0.3 0.225 0.225 0.1125 0 0 0.225 0.09 0.225 0.1125 0.1125 0.1125 0.1125 0.1125 0.1125 0.1125 0.1125 0.05 0.1125 0.1125 0.1125 0.1125 0.1125 0.1125 0 0 0 0.09 0.09 0.09 0.135 0.135 0.135 0.225 0.225 0.225 0 1e-05 0 0.15 0.15 0 0 0.1125 0.03375 0.03375 0 0 0 0 0 0.1 0.1125 0.1125 0 0 0 0 0 0 0 0 0 0 0 0 0 0 0 0 0 0 0 0.115 0 0 0.0575
pPREY2SWH2  92
0.09 0.10125 0.05 0.225 0.12 0.12 0.12 0.12 0.12 0.12 0.12 0.12 0.1 0.12 0.12 0.3 0.275 0.275 0.12 0 0.1 0.275 0.05 0.275 0.1125 0.1125 0.1125 0.1125 0.1125 0.1125 0.1125 0.1125 0.05 0.1125 0.1125 0.1125 0.1125 0.1125 0.1125 0 0 0 0.09 0.09 0.09 0.135 0.135 0.135 0.225 0.225 0.225 0 1e-05 0 0.15 0.15 0 0 0.1125 0.03375 0.03375 0 0 0 0 0 0.1 0.1125 0.1125 0 0 0 0 0 0 0 0 0 0 0 0 0 0 0 0 0 0 0 0.115 0 0 0.0575
pPREY1TWH1  92
0.10125 0.10125 0.045 0.225 0.1125 0.1125 0.1125 0.1125 0.1125 0.1125 0.1125 0.1125 0.1 0.1125 0.1125 0.1125 0.225 0.225 0.1125 0 0.1 0.225 0.225 0.225 0.1125 0.1125 0.1125 0.1125 0.1125 0.1125 0.1125 0.1125 0.1125 0.1125 0.1125 0.1125 0.1125 0.1125 0.1125 0 0 0 0.225 0.225 0.225 0.045 0.045 0.045 0.225 0.225 0.225 0.05 5.63e-06 0 0.225 0.225 0 0 0.1125 0.03375 0.03375 0 0 0 0 0 0.1 0.1125 0.1125 0 0 0 0 0 0 0 0 0 0 0 0 0 0 0 0 0 0 0 0.115 0 0 0.0575
pPREY2TWH1  92
0.10125 0.10125 0.045 0.225 0.1125 0.1125 0.1125 0.1125 0.1125 0.1125 0.1125 0.1125 0.1 0.1125 0.1125 0.1125 0.275 0.275 0.1125 0 0.1 0.275 0.225 0.275 0.1125 0.1125 0.1125 0.1125 0.1125 0.1125 0.1125 0.1125 0.1125 0.1125 0.1125 0.1125 0.1125 0.1125 0.1125 0 0 0 0.225 0.225 0.225 0.045 0.045 0.045 0.225 0.225 0.225 0.05 5.63e-06 0 0.225 0.225 0 0 0.1125 0.03375 0.03375 0 0 0 0 0 0.1 0.1125 0.1125 0 0 0 0 0 0 0 0 0 0 0 0 0 0 0 0 0 0 0 0.115 0 0 0.0575
pPREY1TWH2  92
0.09 0.10125 0.05 0.225 0.1125 0.1125 0.1125 0.1125 0.1125 0.1125 0.1125 0.1125 0.1 0.1125 0.1125 0.3 0.225 0.225 0.1125 0 0 0.225 0.09 0.225 0.1125 0.1125 0.1125 0.1125 0.1125 0.1125 0.1125 0.1125 0.1125 0.1125 0.1125 0.1125 0.1125 0.1125 0.1125 0 0 0 0.09 0.09 0.09 0.135 0.135 0.135 0.225 0.225 0.225 0.05 1e-05 0 0.15 0.15 0 0 0.1125 0.03375 0.03375 0 0 0 0 0 0.1 0.1125 0.1125 0 0 0 0 0 0 0 0 0 0 0 0 0 0 0 0 0 0 0 0.115 0 0 0.0575
pPREY2TWH2  92
0.09 0.10125 0.05 0.225 0.12 0.12 0.12 0.12 0.12 0.12 0.12 0.12 0.1 0.12 0.12 0.3 0.275 0.275 0.12 0 0.1 0.275 0.05 0.275 0.1125 0.1125 0.1125 0.1125 0.1125 0.1125 0.1125 0.1125 0.1125 0.1125 0.1125 0.1125 0.1125 0.1125 0.1125 0 0 0 0.09 0.09 0.09 0.135 0.135 0.135 0.225 0.225 0.225 0.05 1e-05 0 0.15 0.15 0 0 0.1125 0.03375 0.03375 0 0 0 0 0 0.1 0.1125 0.1125 0 0 0 0 0 0 0 0 0 0 0 0 0 0 0 0 0 0 0 0.115 0 0 0.0575
pPREY1INV1  92
0.135 0.09 0 0.105 0.09 0.09 0.09 0.09 0.09 0 0.09 0.09 0 0 0 0.15 0.09 0.09 0.05 0 0.135 0.135 0 0 0 0 0 0 0 0 0 0 0 0.05 0.05 0.05 0 0.05 0.05 0.1125 0.15 0 0 0 0 0 0 0 0 0 0 0 0 0 0 0 0 0 0.1 0.0075 0.0075 0 0 0 0.15 0.12 0 0 0.12 0.2 0.2 0.03 0.105 0 0 0 0 0.03 0 0 0 0 0 0 0 0 0 0 0 0 0 0
pPREY2INV1  92
0 0.09 0 0 0 0 0 0 0 0 0 0 0 0 0 0.15 0.09 0.09 0.05 0 0.135 0.135 0 0 0 0 0 0 0 0 0 0 0 0 0 0 0 0 0 0 0 0 0 0 0 0 0 0 0 0 0 0 0 0 0 0 0 0 0.1 0.0075 0.0075 0 0 0 0.15 0.12 0 0 0.12 0.075 0.075 0.03 0.105 0 0 0 0 0.03 0 0 0 0 0 0 0 0 0 0 0 0 0 0
pPREY1INV2  92
0.135 0.09 0 0.105 0.09 0.09 0.09 0.09 0.09 0 0.09 0.09 0 0 0 0.2 0.09 0.09 0.05 0 0.0975 0.0975 0 0.1005 0.1005 0.1005 0.1005 0.1005 0.1005 0.1005 0.1005 0.1005 0 0.1005 0.1005 0.1005 0 0.1005 0.1005 0.2 0.135 0 0 0 0 0 0 0 0 0 0 0 0 0 0 0 0 0 0.1 0.0075 0.0075 0 0 0 0.15 0.12 0 0 0.12 0.075 0.075 0.03 0.105 0 0 0 0 0.03 0 0 0 0 0 0 0 0 0 0 0 0 0 0
pPREY2INV2  92
0 0.09 0 0 0 0 0 0 0 0 0 0 0 0 0 0.2 0.09 0.09 0.05 0 0.135 0.135 0 0 0 0 0 0 0 0 0 0 0 0 0 0 0 0 0 0 0 0 0 0 0 0 0 0 0 0 0 0 0 0 0 0 0 0 0.1 0.0075 0.0075 0 0 0 0.15 0.12 0 0 0.12 0.075 0.075 0.03 0.105 0 0 0 0 0.03 0 0 0 0 0 0 0 0 0 0 0 0 0 0
pPREY1LSQ1  92
0 0.001 0 0 0 0 0 0 0 0 0 0 0 0 0 0.0385 0.1 0.1 0.1 0 0.01 0 0 0 0 0 0 0 0 0 0 0 0 0 0 0 0 0 0 0 0 0 0 0 0 0 0 0 0 0 0 0 0 0 0 0 0 0 0 0.15 0.15 0 0 0 0 0.1 0.1 0.05 0.1 0.1 0.1 0.1 0.01 0 0 0 0 0.05 0 0 0 0 0 0 0 0 0.1 0 0 0 0 0
pPREY2LSQ1  92
0 0 0 0 0 0 0 0 0 0 0 0 0 0 0 0.0385 0.1 0.1 0.075 0 0.01 0.19 0 0 0 0 0 0 0 0 0 0 0 0 0 0 0 0 0 0 0 0 0 0 0 0 0 0 0 0 0 0 0 0 0 0 0 0 0 0.02 0.02 0 0 0 0 0.1 0 0 0 0.05 0.05 0.1 0.01 0 0 0 0 0.05 0 0 0 0 0 0 0 0 0.1 0 0 0 0 0
pPREY1LSQ2  92
0.075 0.1 0.0375 0.15 0.08 0.08 0.08 0.08 0.08 0 0.08 0.08 0 0 0 0.3 0.2 0.075 0.075 0 0.1 0.15 0 0.15 0.15 0.15 0.15 0.15 0.15 0.15 0.15 0 0 0.15 0.15 0.15 0 0.15 0.15 0.15 0.06 0 0 0 0 0 0 0 0 0 0 0 0 0 0 0 0 0 0.15 0.15 0.15 0 0 0 0 0.1 0.1 0.1 0.1 0.1 0.1 0.1 0 0 0 0 0 0.1 0 0 0 0 0 0 0 0 0.1 0 0 0 0 0
pPREY2LSQ2  92
0 0.02 0 0 0 0 0 0 0 0 0 0 0 0 0 0.3 0.1 0.075 0.1 0 0.1 0.1 0 0 0 0 0 0 0 0 0 0 0 0 0 0 0 0 0 0 0 0 0 0 0 0 0 0 0 0 0 0 0 0 0 0 0 0 0 0.15 0.15 0 0 0 0 0.1 0 0 0 0.1 0.1 0.1 0 0 0 0 0 0.1 0 0 0 0 0 0 0 0 0.1 0 0 0 0 0
pPREY1ISQ1  92
0 0.001 0 0 0 0 0 0 0 0 0 0 0 0 0 0 0 0 0.1 0 0 0 0 0 0 0 0 0 0 0 0 0 0 0 0 0 0 0 0 0 0 0 0 0 0 0 0 0 0 0 0 0 0 0 0 0 0 0 0 0.15 0.15 0 0 0 0 0.1 0 0.05 0.15 0.1 0.1 0.3 0.02 0 0 0 0 0.05 0 0 0 0 0 0 0 0 0 0 0 0 0 0
pPREY2ISQ1  92
0 0 0 0 0 0 0 0 0 0 0 0 0 0 0 0 0 0 0.075 0 0 0 0 0 0 0 0 0 0 0 0 0 0 0 0 0 0 0 0 0 0 0 0 0 0 0 0 0 0 0 0 0 0 0 0 0 0 0 0 0 0 0 0 0 0 0.05 0 0 0 0.05 0.05 0.3 0.02 0 0 0 0 0.05 0 0 0 0 0 0 0 0 0 0 0 0 0 0
pPREY1ISQ2  92
0.075 0.05 0.0375 0.15 0.06 0.06 0.06 0.06 0.06 0 0.06 0.06 0 0 0 0.3 0.075 0.075 0.075 0 0.1 0.15 0.075 0.15 0.15 0.15 0.15 0.15 0.15 0.15 0.15 0.15 0.01 0.15 0.15 0.15 0 0.15 0.15 0.15 0.06 0 0 0 0 0 0 0 0 0 0 0 0 0 0 0 0 0 0.15 0.15 0.15 0 0 0 0 0.2 0 0.15 0.15 0.2 0.2 0.1 0 0 0 0 0 0.1 0 0 0 0 0 0 0 0 0 0 0 0 0 0
pPREY2ISQ2  92
0.075 0.001 0 0 0 0 0 0 0 0 0 0 0 0 0 0.3 0.075 0.075 0.1 0 0.1 0.15 0 0 0 0 0 0 0 0 0 0 0 0 0 0 0 0 0 0 0 0 0 0 0 0 0 0 0 0 0 0 0 0 0 0 0 0 0 0.15 0.15 0 0 0 0 0.05 0 0 0 0.2 0.2 0.1 0 0 0 0 0 0.1 0 0 0 0 0 0 0 0 0 0 0 0 0 0
pPREY1NSH1  92
0 0 0 0 0 0 0 0 0 0 0 0 0 0 0 0 0 0 0 0 0 0 0 0 0 0 0 0 0 0 0 0 0 0 0 0 0 0 0 0 0 0 0 0 0 0 0 0 0 0 0 0 0 0 0 0 0 0 0 0 0 0 0.045 0.045 0.045 0.225 0 0.05625 0.05625 0.225 0.225 0.07875 0.15 0.1 0.1 0 0 0 0.05 0 0.1 0.05 0.15 0 0 0.05625 0.3 0.1 0.25 0.1 0.25 0
pPREY2NSH1  92
0 0 0 0 0 0 0 0 0 0 0 0 0 0 0 0 0 0 0 0 0 0 0 0 0 0 0 0 0 0 0 0 0 0 0 0 0 0 0 0 0 0 0 0 0 0 0 0 0 0 0 0 0 0 0 0 0 0 0 0.02 0.02 0 0.045 0.045 0.045 0.05 0.05 0.05625 0.05625 0.225 0.225 0.07875 0.15 0.1 0.25 0 0 0 0.05 0.05 0.1 0.05 0.15 0 0 0.05625 0.3 0.1 0.25 0.1 0.1 0.08
pPREY1NSH2  92
0 0 0 0 0 0 0 0 0 0 0 0 0 0 0 0 0 0 0 0 0 0 0 0 0 0 0 0 0 0 0 0 0 0 0 0 0 0 0 0 0 0 0 0 0 0 0 0 0 0 0 0 0 0 0 0 0 0 0 0.0225 0.0225 0 0.045 0.045 0.045 0.225 0 0.05625 0.05625 0.225 0.225 0.3 0.15 0.1 0.2 0 0 0 0.05 0 0.1 0.05 0.2 0 0 0.05625 0.3 0.1 0.25 0.1 0.25 0
pPREY2NSH2  92
0 0 0 0 0 0 0 0 0 0 0 0 0 0 0 0 0 0 0 0 0 0 0 0 0 0 0 0 0 0 0 0 0 0 0 0 0 0 0 0 0 0 0 0 0 0 0 0 0 0 0 0 0 0 0 0 0 0 0 0.02 0.02 0 0.045 0.045 0.045 0.05 0.05 0.05625 0.05625 0.225 0.225 0.3 0.15 0.1 0.25 0 0 0 0.05 0.05 0.1 0.05 0.2 0 0 0.05625 0.3 0.1 0.25 0.1 0.1 0.08
pPREY1OSH1  92
0 0 0 0 0 0 0 0 0 0 0 0 0 0 0 0 0 0 0 0 0 0 0 0 0 0 0 0 0 0 0 0 0 0 0 0 0 0 0 0 0 0 0 0 0 0 0 0 0 0 0 0 0 0 0 0 0 0 0 0 0 0 0.045 0.045 0.045 0.225 0 0 0 0.225 0.225 0.1 0.15 0.1 0.1 0 0 0 0.05 0 0 0.05 0 0 0 0.1 0.3 0.1 0.03375 0.2 0.05 0
pPREY2OSH1  92
0 0 0 0 0 0 0 0 0 0 0 0 0 0 0 0 0 0 0 0 0 0 0 0 0 0 0 0 0 0 0 0 0 0 0 0 0 0 0 0 0 0 0 0 0 0 0 0 0 0 0 0 0 0 0 0 0 0 0 0 0 0 0.045 0.045 0.045 0.05 0 0 0 0.225 0.225 0.1 0.15 0.1 0.25 0 0 0 0.05 0.05 0 0.05 0 0 0 0.1 0.3 0.1 0.03375 0.2 0.1 0.08
pPREY1OSH2  92
0 0 0 0 0 0 0 0 0 0 0 0 0 0 0 0 0 0 0 0 0 0 0 0 0 0 0 0 0 0 0 0 0 0 0 0 0 0 0 0 0 0 0 0 0 0 0 0 0 0 0 0 0 0 0 0 0 0 0 0.0225 0.0225 0 0.045 0.045 0.045 0.225 0 0 0.05625 0.225 0.225 0.1 0.15 0.1 0.2 0 0 0 0.05 0 0 0.05 0 0 0 0.1 0.3 0.1 0.03375 0.2 0.05 0
pPREY2OSH2  92
0 0 0 0 0 0 0 0 0 0 0 0 0 0 0 0 0 0 0 0 0 0 0 0 0 0 0 0 0 0 0 0 0 0 0 0 0 0 0 0 0 0 0 0 0 0 0 0 0 0 0 0 0 0 0 0 0 0 0 0 0 0 0.045 0.045 0.045 0.05 0 0 0 0.225 0.225 0.3 0.15 0.1 0.25 0 0 0 0.05 0.05 0 0.05 0 0 0 0.1 0.3 0.1 0.03375 0.2 0.1 0.08
pPREYSCA  92
0 0 0 0 0 0 0 0 0 0 0 0 0 0 0 0 0 0 0 0 0 0 0 0 0 0 0 0 0 0 0 0 0 0 0 0 0 0 0 0 0 0 0 0 0 0 0 0 0 0 0 0 0 0 0 0 0 0 0 0 0 0 0 0 0 0 0 0 0 0 0 0 0 0 0.113 0 0 0 0.1 0.053 0.08 1e-04 0.01 0.05 0.05 0 0.01 0.01 0 0.01 0.01 0
pPREYQHG  92
0 0 0 0 0 0 0 0 0 0 0 0 0 0 0 0 0 0 0 0 0 0 0 0 0 0 0 0 0 0 0 0 0 0 0 0 0 0 0 0 0 0 0 0 0 0 0 0 0 0 0 0 0 0 0 0 0 0 0 0 0 0 0 0 0 0 0 0 0 0 0 0 0 0 0.002 0 0 0 0.1 0.05 0.08 0 0.01 0.05 0.05 0 0.01 0.01 0 0.01 0.01 0
pPREYCLA  92
0 0 0 0 0 0 0 0 0 0 0 0 0 0 0 0 0 0 0 0 0 0 0 0 0 0 0 0 0 0 0 0 0 0 0 0 0 0 0 0 0 0 0 0 0 0 0 0 0 0 0 0 0 0 0 0 0 0 0 0 0 0 0 0 0 0 0 0 0 0 0 0 0 0 0 0 0 0 0.1 0.05 0.08 0 0.01 0.05 0.05 0.05 0.01 0.01 0 0.01 0.01 0
pPREYBFF  92
0 0 0 0 0 0 0 0 0 0 0 0 0 0 0 0 0 0 0 0 0 0 0 0 0 0 0 0 0 0 0 0 0 0 0 0 0 0 0 0 0 0 0 0 0 0 0 0 0 0 0 0 0 0 0 0 0 0 0 0 0 0 0 0 0 0 0 0 0 0 0 0 0 0 0.002 0 0 0 0.1 0.05 0.08 0 0.01 0.05 0.05 0 0.01 0.01 0 0.01 0.01 0
pPREYBG  92
0 0 0 0 0 0 0 0 0 0 0 0 0 0 0 0 0 0 0 0 0 0 0 0 0 0 0 0 0 0 0 0 0 0 0 0 0 0 0 0 0 0 0 0 0 0 0 0 0 0 0 0 0 0 0 0 0 0 0 0 0 0 0 0 0 0 0 0 0 0 0 0 0 0.2 0.05 0 0 0 0.1 0.015 0.05 0 0 0 0 0 0 0 0 0.25 0.1 0
pPREYLOB  92
0 0 0 0 0 0 0 0 0 0 0 0 0 0 0 0 0 0 0 0 0 0 0 0 0 0 0 0 0 0 0 0 0 0 0 0 0 0 0 0 0 0 0 0 0 0 0 0 0 0 0 0 0 0 0 0 0 0 0 0 0 0.05 0.045 0.045 0.045 0.09 0.15 0.15 0.15 0.1 0.1 0.05 0.15 0.1 0.05 0 0.225 0 0 0 0 0 0 0 0 0.05 0 0 0.1 0.1 0.1 0.1
pPREYRCB  92
0 0 0 0 0 0 0 0 0 0 0 0 0 0 0 0 0 0 0 0 0 0 0 0 0 0 0 0 0 0 0 0 0 0 0 0 0 0 0 0 0 0 0 0 0 0 0 0 0 0 0 0 0 0 0 0 0 0 0 0 0 0.05 0.03375 0.03375 0.03375 0.09 0.1 0.1125 0.1125 0.225 0.225 0 0.15 0.05 0.05 0 0.115 0.1 0 0 0 0 0 0 0 0.1 0.05 0.05 0 0.25 0.1 0.05
pPREYBMS  92
0 0 0 0 0 0 0 0 0 0 0 0 0 0 0 0 0 0 0 0 0 0 0 0 0 0 0 0 0 0 0 0 0 0 0 0 0 0 0 0 0 0 0 0 0 0 0 0 0 0 0 0 0 0 0 0 0 0 0 0 0 0.07 0.03375 0.03375 0.03375 0.09 0.115 0.1125 0.1125 0.225 0.225 0 0.15 0.05 0 0 0.01 0 0 0 0 0 0 0 0 0.1 0 0 0 0.1 0.1 0.23
pPREYZL  92
0 0 0 0 0 0 0 0 0 0 0 0 0 0 0 0 0 0 0 0 0 0 0 0 0 0 0 0 0 0 0 0 0 0 0 0 0 0 0 0 0 0 0 0 0 0 0 0 0 0 0 0 0 0 0 0 0 0 0 0 0 0 0 0 0 0 0 0.08 0.08 0.1 0.1 0.1 0.1 0 0 0 0 0.1 0.01 0.01 1e-05 0.1333333 0.1 0 0 0.05 0 0 0 0 0 0
pPREYBD  92
0 0 0 0 0 0 0 0 0 0 0 0 0 0 0 0 0 0 0 0 0 0 0 0 0 0 0 0 0 0 0 0 0 0 0 0 0 0 0 0 0 0 0 0 0 0 0 0 0 0 0 0 0 0 0 0 0 0 0 0 0 0 0 0 0 0 0 0 0 0 0 0 0 0 0 0 0 0 0.15 5.1e-05 0.18 5.5e-05 0 0 0 0.3 0.23 0.057 0 0.345 0.23 0
pPREYBC  92
0 0 0 0 0 0 0 0 0 0 0 0 0 0 0 0 0 0 0 0 0 0 0 0 0 0 0 0 0 0 0 0 0 0 0 0 0 0 0 0 0 0 0 0 0 0 0 0 0 0 0 0 0 0 0 0 0 0 0 0 0 0.05 0.00675 0.00675 0.00675 0.045 0.1 0.1 0.05 0.05 0.05 0 0.1 0 0 0 0.05 0 0 0 0 0 0 0 0 0.1 0 0 0 0 0 0
pPREYZG  92
0.001 0.001 0 0 0.01 0.01 0.01 0.01 0.01 0 0.01 0.01 0 0 0 0.01 0.01 0.01 0.01 0 0.01 0.01 0 0.01 0 0 0 0 0 0 0 0 0 0 0 0 0 0 0 0 0.01 0 0 0 0 0 0 0 0 0 0 0 0 0 0 0 0 0 0 0 0 0 0 0 0 0 0 0.01 0.01 0.01 0.01 0.08 0 0 0.05 0 0 0.003 0 0 0 0.05 0.01 0 0 0 0.05 0.1 0 0.01 0.01 0
pPREYDF  92
0 0 0 0 0 0 0 0 0 0 0 0 0 0 0 0 0 0 0 0 0 0 0 0 0 0 0 0 0 0 0 0 0 0 0 0 0 0 0 0 0 0 0 0 0 0 0 0 0 0 0 0 0 0 0 0 0 0 0 0 0 0 0 0 0 0 0 0 0 0 0 0 0 0 0 0 0 0 0 0.05 0.1 0 0 0.1 0 0 0.05 0 0 0.05 0 0
pPREYZM  92
0 0 0 0 0 0 0 0 0 0 0 0 0 0 0 0 0 0 0 0 0 0 0 0 0 0 0 0 0 0 0 0 0 0 0 0 0 0 0 0 0 0 0 0 0 0 0 0 0 0 0 0 0 0 0 0 0 0 0 0 0 0 0 0 0 0 0 0 0 0 0 0 0 0 0.05 0 0 0 0.1 0.01 0.01 1e-04 0.05 0.01 0 0.05 0.05 0.01 0 0.05 0.01 0
pPREYZS  92
0 0 0 0 0 0 0 0 0 0 0 0 0 0 0 0 0 0 0 0 0 0 0 0 0 0 0 0 0 0 0 0 0 0 0 0 0 0 0 0 0 0 0 0 0 0 0 0 0 0 0 0 0 0 0 0 0 0 0 0 0 0 0 0 0 0 0 0 0 0 0 0 0 0 0.01 0 0 0 0.01 0.05 0.1 0 0.08 0.01 0.01 0 0.05 0.05 0 0.05 0.05 0
pPREYBO  92
0 0 0 0 0 0 0 0 0 0 0 0 0 0 0 0 0 0 0 0 0 0 0 0 0 0 0 0 0 0 0 0 0 0 0 0 0 0 0 0 0 0 0 0 0 0 0 0 0 0 0 0 0 0 0 0 0 0 0 0 0 0 0 0 0 0 0 0 0 0 0 0 0 0 0 0 0 0 0.1 0.0051 0.1 0.0026 0 0 0 0.05 0 0 0 0.1 0.23 0